Micro Tier Origins Summary (Whitelist Origins)
=============================================

Origin: 100% Orange Juice
Entries in micro JSONs: 4
Numbers: 18909, 20901, 90912, 103358

Origin: ARMS
Entries in micro JSONs: 26
Numbers: 64309, 64619, 65022, 65030, 65300, 65467, 65580, 65594, 65648, 65767, 66017, 66323, 66324, 67654, 68331, 69263, 69274, 69934, 70379, 70626, 70647, 70777, 71146, 71724, 72477, 72478

Origin: Ace Attorney
Entries in micro JSONs: 32
Numbers: 71, 81, 313, 647, 660, 701, 1884, 1915, 1937, 2066, 2336, 3669, 3710, 4434, 5300, 5364, 5411, 5561, 5719, 6408, 81709, 85846, 86617, 88540, 89504, 90736, 94024, 94929, 98448, 101500, 102845, 102971

Origin: Adventure Time
Entries in micro JSONs: 132
Numbers: 11759, 11789, 11877, 11907, 12072, 12179, 12186, 12192, 12194, 14523, 14632, 15040, 15194, 15752, 16164, 16743, 16769, 16806, 16812, 17510, 17963, 19156, 19285, 19962, 20848, 24120, 26518, 27280, 27281, 27327, 27341, 27342, 27380, 27444, 27448, 27451, 27507, 27516, 27518, 27569, 27673, 27682, 27690, 27780, 27787, 27806, 27917, 29439, 29553, 30024, 30032, 30171, 30199, 30201, 30328, 30556, 30565, 30574, 30748, 30772, 30782, 30889, 30965, 31326, 31349, 31379, 31573, 31709, 31734, 31793, 32289, 33499, 35474, 35651, 36119, 38016, 38632, 40198, 44299, 50708, 50768, 50800, 51113, 51169, 51433, 51635, 51636, 51901, 51918, 52225, 52615, 52765, 52874, 53686, 53747, 53787, 53815, 54600, 55130, 55638, 56187, 56790, 56800, 56804, 56850, 56859, 56928, 56929, 56962, 56963, 57015, 57066, 57088, 57096, 57190, 57197, 57300, 57371, 57435, 57490, 57705, 58048, 58054, 59219, 76754, 77290, 77413, 78667, 94775, 96211, 96539, 100243

Origin: Among Us
Entries in micro JSONs: 5
Numbers: 77317, 81464, 82966, 93606, 96281

Origin: Amphibia
Entries in micro JSONs: 36
Numbers: 27242, 27309, 27691, 27857, 27940, 29883, 30116, 31382, 32004, 32361, 48846, 49473, 50462, 53176, 60533, 60690, 60960, 61154, 61233, 61389, 61761, 61967, 62251, 62425, 62713, 62916, 63154, 63514, 67092, 67701, 68861, 69682, 69959, 70566, 71980, 72800

Origin: Aqua Teen Hunger Force
Entries in micro JSONs: 5
Numbers: 76825, 86588, 90762, 94973, 102915

Origin: Austin Powers (Series)
Entries in micro JSONs: 2
Numbers: 80627, 92043

Origin: Avatar: The Last Airbender
Entries in micro JSONs: 64
Numbers: 29267, 29501, 29614, 29773, 31218, 31935, 48790, 48890, 49019, 49342, 49474, 49522, 49753, 49845, 50103, 50105, 50223, 50238, 50658, 51225, 52686, 53178, 53353, 54451, 54911, 56059, 56063, 56719, 59600, 59644, 59887, 59946, 59976, 60143, 60208, 60376, 60377, 60466, 60472, 60582, 60746, 61586, 62190, 62192, 63976, 66850, 67274, 67947, 71297, 73775, 75462, 75770, 77349, 79258, 79400, 80194, 86929, 91273, 92102, 96349, 101861, 102201, 103531, 104596

Origin: Bleach
Entries in micro JSONs: 534
Numbers: 1401, 1528, 1969, 2147, 2516, 2996, 4212, 4507, 5082, 5469, 5941, 6816, 16571, 17188, 18283, 18522, 18861, 18948, 19423, 19638, 20283, 20759, 21036, 21469, 21474, 21649, 21663, 21691, 21693, 21699, 21700, 21701, 21702, 21714, 21746, 21754, 21755, 21767, 21877, 21909, 21931, 21951, 21955, 21967, 22008, 22018, 22036, 22038, 22064, 22110, 22122, 22147, 22162, 22165, 22181, 22518, 22530, 22531, 22532, 22534, 22581, 22594, 22601, 22792, 22825, 22863, 22864, 22913, 22997, 23045, 23067, 23832, 23842, 24503, 24581, 24677, 24684, 24709, 24710, 24711, 24718, 24748, 24864, 24896, 24899, 24926, 25309, 25418, 25501, 25553, 25558, 25600, 25691, 25692, 25729, 25809, 25811, 25941, 26130, 26175, 26261, 26313, 26319, 26385, 27191, 29287, 29289, 29296, 29298, 29302, 29322, 29323, 29402, 29406, 29432, 29444, 29487, 29488, 29508, 29509, 29536, 29557, 29575, 29592, 29604, 29612, 29617, 29638, 29652, 29675, 29691, 29719, 29742, 29752, 29757, 29771, 29923, 29928, 29953, 29966, 29984, 30108, 30121, 30660, 30686, 30765, 30860, 30893, 30944, 31102, 31153, 31155, 31200, 31273, 31274, 31442, 31590, 31612, 31741, 31824, 31900, 31919, 31947, 32043, 32100, 32191, 32328, 32520, 32549, 32682, 32717, 32724, 32732, 32803, 33376, 33388, 33400, 33434, 33448, 33506, 33525, 33533, 33552, 33579, 33641, 33667, 33679, 33726, 33857, 33874, 33912, 33939, 33970, 33975, 33980, 34031, 34112, 34122, 34172, 34230, 34237, 34245, 34263, 34267, 34282, 34291, 34330, 34333, 34342, 34351, 34358, 34372, 34409, 34424, 34443, 34472, 34481, 34485, 34506, 34508, 34513, 34515, 34528, 34538, 34550, 34551, 34563, 34584, 34599, 34607, 34617, 34638, 34641, 34644, 34652, 34714, 34744, 34745, 34778, 34788, 34799, 34809, 34819, 34821, 34828, 34848, 34857, 34858, 34876, 34878, 34925, 34927, 34940, 34986, 34994, 35020, 35033, 35035, 35040, 35046, 35051, 35060, 36212, 36598, 36916, 36934, 36992, 37027, 37037, 37062, 37098, 37111, 37256, 37282, 37283, 37377, 37426, 37513, 37733, 37742, 37787, 37829, 37884, 38002, 38151, 38211, 38259, 38264, 38367, 38377, 38397, 38558, 38571, 38634, 38635, 38652, 38653, 38730, 38744, 38765, 38776, 38814, 38869, 38890, 38958, 39014, 39015, 39098, 39177, 39184, 39213, 39338, 39340, 39366, 39409, 39431, 39433, 39474, 39611, 39616, 39642, 39697, 39699, 39944, 39976, 39980, 40003, 40029, 40143, 40216, 40219, 40223, 40369, 40419, 40487, 40497, 40546, 40568, 40594, 40604, 40633, 40659, 40766, 40808, 40810, 40839, 40884, 40891, 40892, 41158, 41176, 41267, 41425, 41461, 41549, 41557, 41587, 41590, 41759, 41808, 41872, 41881, 41915, 41947, 41963, 41964, 42026, 42123, 42131, 42161, 42163, 42168, 42181, 42222, 42228, 42289, 42472, 42482, 42483, 42516, 42520, 42569, 42598, 42599, 42604, 42636, 42661, 42668, 42686, 42712, 42713, 42758, 42761, 42764, 42802, 42803, 42808, 42829, 42830, 42851, 42893, 42900, 42913, 42969, 42985, 42988, 42998, 43025, 43045, 43095, 43137, 43145, 43157, 43164, 43175, 43183, 43191, 43242, 43254, 43256, 43257, 43347, 43418, 43433, 43455, 43457, 43467, 43468, 43529, 43545, 43546, 43555, 43567, 43597, 43623, 43630, 43643, 43677, 43715, 43727, 43729, 43748, 43749, 43756, 43759, 43781, 43797, 43807, 43819, 43843, 43845, 43847, 43851, 43860, 43865, 43877, 43889, 43902, 43937, 43969, 43971, 43985, 43997, 44581, 45384, 46407, 47118, 47523, 47527, 47555, 47604, 47694, 47698, 47721, 47731, 47861, 47885, 48020, 48069, 48071, 48085, 48154, 48233, 48256, 48294, 48397, 48525, 48545, 48632, 48729, 48745, 50268, 51899, 51914, 52055, 52253, 52619, 52641, 52707, 52744, 53250, 53362, 53914, 54164, 54175, 54218, 54414, 54719, 54813, 54960, 55337, 55842, 55908, 56198, 56523, 56605, 66064, 71851, 76067, 76512, 77176, 78459, 78509, 79170, 80075, 83683, 92856, 94148, 95957, 97582, 99672, 99810, 101617, 104248

Origin: Captain Underpants
Entries in micro JSONs: 5
Numbers: 14043, 17301, 27317, 28206, 30140

Origin: Care Bears
Entries in micro JSONs: 75
Numbers: 35285, 35491, 35560, 35578, 36267, 37394, 38101, 38319, 38387, 40805, 46064, 46129, 46150, 46176, 46343, 46359, 46680, 46918, 46933, 46959, 47035, 50750, 51116, 51256, 51365, 52229, 52295, 54280, 55655, 55761, 55959, 56424, 57609, 57660, 57681, 57698, 57798, 57807, 58123, 58305, 58324, 58343, 58407, 60616, 60715, 60716, 60752, 60779, 60931, 60994, 60995, 61012, 61013, 61555, 61791, 61916, 61943, 61996, 62136, 67390, 67815, 67816, 67988, 68095, 68760, 69017, 69018, 69106, 69107, 71153, 72127, 72611, 72719, 72975, 73521

Origin: ClayFighter
Entries in micro JSONs: 2
Numbers: 50677, 59645

Origin: Cloudy with a Chance of Meatballs
Entries in micro JSONs: 13
Numbers: 1493, 4406, 33824, 33825, 38027, 38030, 46283, 51927, 58757, 81887, 82147, 94336, 94821

Origin: Club Penguin
Entries in micro JSONs: 6
Numbers: 79066, 79654, 79825, 101372, 102989, 103510

Origin: DC Comics
Entries in micro JSONs: 900
Numbers: 199, 202, 302, 384, 615, 625, 1397, 1502, 1571, 1676, 2019, 2736, 2779, 2794, 4055, 4067, 4088, 4201, 4222, 4283, 4399, 4428, 4640, 4880, 5263, 5293, 5586, 6900, 6902, 6910, 6911, 6938, 6966, 6980, 6999, 7008, 7019, 7072, 7078, 7124, 7161, 7192, 7218, 7246, 7252, 7266, 7274, 7292, 7303, 7362, 7384, 7387, 7388, 7394, 7395, 7403, 7406, 7409, 7410, 7415, 7452, 7484, 7862, 8195, 8395, 8396, 8423, 8489, 8494, 8533, 8582, 8583, 8628, 8689, 8737, 8738, 8784, 8837, 8838, 8839, 8840, 8988, 9005, 9114, 9144, 9321, 9411, 9508, 9570, 9593, 9644, 9678, 9714, 9765, 9805, 10060, 10107, 10113, 10122, 10133, 10134, 10145, 10146, 10147, 10169, 10170, 10178, 10183, 10184, 10197, 10374, 10460, 10479, 10531, 10532, 10533, 10534, 10608, 10611, 10631, 10638, 10639, 10643, 10646, 10667, 10674, 10886, 10938, 10939, 11098, 11678, 11728, 12046, 12208, 12609, 12615, 12619, 12633, 12649, 12669, 12675, 12677, 12681, 12682, 12685, 12693, 12709, 12729, 12730, 12757, 12759, 12768, 12783, 12806, 12807, 12826, 12827, 12840, 12847, 12850, 12927, 12948, 12949, 12959, 12960, 12963, 12964, 12965, 13012, 13029, 13052, 13053, 13054, 13055, 13056, 13061, 13070, 13079, 13094, 13164, 13217, 13244, 13256, 13272, 13278, 13333, 13341, 13373, 13379, 13380, 13384, 13389, 13410, 13432, 13464, 13476, 13512, 13521, 13544, 13555, 13556, 13570, 13583, 13672, 13703, 13739, 13740, 13741, 13742, 13752, 13765, 13768, 13769, 13771, 13772, 13773, 13774, 13775, 13790, 13811, 13844, 13847, 13848, 13852, 13862, 13869, 13872, 13879, 13891, 13918, 13926, 13947, 13963, 13977, 13978, 13994, 14001, 14035, 14036, 14136, 14149, 14167, 14168, 14181, 14217, 14251, 14300, 14313, 14315, 14319, 14320, 14325, 14337, 14363, 14364, 14409, 14412, 14471, 14473, 14500, 14508, 14533, 14582, 14583, 14628, 14629, 14661, 14691, 14702, 14831, 14876, 14877, 14888, 14889, 14893, 14894, 14895, 14983, 15032, 15069, 15070, 15071, 15072, 15073, 15092, 15118, 15132, 15166, 15348, 15474, 15529, 15560, 15604, 15617, 15751, 15769, 15833, 15848, 15850, 15860, 15871, 15915, 15959, 16025, 16058, 16142, 16168, 16233, 16253, 16254, 16287, 16302, 16466, 16539, 16597, 16599, 16600, 16602, 16616, 16636, 16640, 16641, 16643, 16644, 16645, 16646, 16647, 16671, 16719, 16804, 16815, 16816, 16827, 16857, 16876, 16879, 16904, 16934, 17022, 17036, 17082, 17108, 17134, 17135, 17140, 17183, 17208, 17292, 17293, 17339, 17355, 17409, 17416, 17417, 17472, 17655, 17665, 17770, 18499, 18502, 18598, 18654, 18681, 18682, 18767, 18956, 19150, 19151, 19216, 19222, 19261, 19384, 19385, 19386, 19387, 19448, 19458, 19519, 19645, 19650, 19652, 19653, 19654, 19671, 19795, 19813, 19875, 19899, 20043, 20127, 20128, 20212, 20213, 20214, 20215, 20363, 20383, 20415, 20511, 20776, 20794, 20796, 20797, 20798, 20830, 21064, 22218, 22238, 22250, 22277, 22290, 22291, 22296, 22301, 22305, 22322, 22338, 22349, 22357, 22364, 22417, 22434, 22439, 22446, 22463, 22464, 22488, 22494, 22505, 22506, 22507, 22508, 22517, 22529, 22549, 22559, 22576, 22617, 22628, 22647, 22662, 22691, 22718, 22725, 22743, 22753, 22762, 22770, 22776, 22777, 22784, 22795, 22872, 22888, 22890, 22892, 22893, 22897, 22919, 22922, 22925, 22929, 22943, 22947, 22953, 22955, 22964, 22970, 22996, 23030, 23051, 23629, 23777, 23847, 23884, 23936, 23972, 23973, 23981, 24001, 24016, 24066, 24143, 24177, 24192, 24207, 24355, 24404, 24413, 24428, 24498, 24499, 24562, 24579, 24580, 24634, 24635, 24636, 24637, 24676, 24707, 24771, 24790, 24853, 24972, 25006, 25055, 25103, 25207, 25290, 25324, 25376, 25401, 25457, 25478, 25505, 25508, 25528, 25560, 25844, 25885, 25887, 25889, 25892, 25904, 25958, 25963, 25977, 25983, 26017, 26021, 26039, 26041, 26080, 26104, 26172, 26259, 26260, 26339, 26650, 27234, 27247, 27272, 27282, 27283, 27293, 27314, 27329, 27330, 27346, 27365, 27391, 27483, 27513, 27514, 27571, 27607, 27614, 27654, 27748, 27875, 27906, 27951, 28034, 28173, 28189, 28382, 28765, 29032, 29052, 29580, 29852, 29861, 29902, 29997, 30038, 30040, 30048, 30084, 30090, 30128, 30130, 30179, 30181, 30206, 30263, 30383, 30578, 30677, 30762, 30763, 30764, 30971, 31119, 31138, 31261, 31534, 31591, 31781, 31885, 32087, 32233, 32235, 32270, 32277, 32278, 32427, 32765, 33299, 33332, 33336, 33386, 33387, 33529, 33539, 33600, 33602, 33604, 37216, 37296, 38013, 39410, 40382, 42214, 43644, 43690, 44153, 44572, 44772, 47811, 47825, 48468, 48969, 49004, 49265, 49266, 49267, 49268, 49587, 51033, 51154, 52415, 52416, 52417, 52418, 53064, 53138, 53656, 55628, 61478, 62338, 64142, 64184, 64185, 64274, 64326, 64328, 64343, 64427, 64428, 64429, 64448, 64452, 64541, 64542, 64570, 64761, 64786, 64913, 64939, 64940, 64948, 65094, 65196, 65202, 65264, 65265, 65275, 65298, 65319, 65429, 65543, 65568, 65698, 65832, 65885, 65938, 65955, 65972, 65990, 66034, 66120, 66221, 66369, 66403, 66440, 66476, 66517, 66530, 66555, 66814, 67273, 67365, 67366, 67367, 67575, 67695, 67697, 67726, 67908, 67909, 67910, 67957, 67964, 68017, 68151, 68152, 68202, 68666, 68721, 69025, 69075, 69076, 69092, 69430, 69672, 69688, 69856, 69857, 69858, 69879, 69926, 69984, 70298, 70543, 70606, 70922, 70933, 71313, 71423, 71443, 71526, 71576, 71627, 71665, 71769, 72006, 72250, 72575, 72662, 72774, 72867, 72954, 72992, 73046, 73727, 74059, 74526, 74903, 75577, 75622, 75834, 75840, 75845, 75920, 75928, 76109, 76111, 76145, 76150, 76282, 76332, 76424, 76682, 76765, 76766, 77022, 77108, 77270, 77284, 77624, 77671, 77688, 77904, 78324, 78422, 78500, 78638, 78679, 78715, 78722, 78787, 78842, 78870, 79033, 79607, 79647, 79681, 80002, 80480, 80615, 80730, 80732, 80980, 81017, 81115, 81411, 82043, 82347, 82922, 83152, 83901, 85249, 85257, 86668, 86671, 87090, 87878, 87882, 87940, 88012, 88145, 88286, 88640, 89000, 89031, 89052, 89230, 90116, 90506, 90605, 90783, 91207, 91580, 91718, 91781, 92022, 92258, 92261, 92262, 92272, 92282, 92479, 92485, 92495, 92504, 92734, 92735, 92800, 92968, 92973, 92979, 92980, 93085, 93096, 93434, 93513, 93592, 93882, 93991, 94615, 94791, 94794, 95153, 95355, 95520, 95766, 96167, 96198, 96642, 96743, 96794, 97220, 97371, 97410, 97509, 97984, 97985, 99214, 99572, 99777, 100178, 100273, 100367, 100392, 100396, 100408, 100559, 100711, 100807, 101277, 102091, 102459, 102840, 102967, 103062, 103072, 103808, 104022, 104467

Origin: Darkstalkers
Entries in micro JSONs: 51
Numbers: 1250, 1611, 3822, 4719, 18737, 19231, 19305, 19430, 19477, 19524, 19580, 19836, 20021, 20312, 20419, 20518, 20639, 21897, 23171, 23335, 23438, 24198, 25013, 25391, 25488, 50425, 50668, 50826, 51535, 51872, 52562, 52571, 52867, 53573, 54646, 54854, 55090, 56285, 58484, 58525, 58551, 58677, 58742, 58860, 58861, 58918, 59028, 59229, 59271, 59319, 59526

Origin: Dead Rising
Entries in micro JSONs: 62
Numbers: 168, 203, 1328, 1558, 1637, 2063, 3952, 4040, 4071, 4600, 4779, 5715, 48975, 51052, 63295, 65753, 71116, 75488, 75489, 75637, 76018, 76039, 76250, 76277, 76808, 77266, 77455, 77493, 77508, 77660, 77664, 77852, 77948, 78412, 79052, 79376, 80173, 80180, 81421, 88155, 91340, 91342, 91761, 92724, 92780, 93352, 93425, 93534, 94919, 96161, 96656, 96755, 96817, 97345, 97351, 97830, 98135, 99539, 101334, 102126, 104531, 104552

Origin: Dragon Ball
Entries in micro JSONs: 354
Numbers: 1231, 1270, 1811, 1984, 2684, 3035, 3350, 3772, 3900, 3940, 5154, 5275, 5495, 6291, 12599, 12600, 12634, 12654, 12702, 12733, 12734, 12792, 12839, 12877, 12981, 12988, 12999, 13000, 13001, 13034, 13042, 13045, 13046, 13146, 13148, 13214, 13230, 13232, 13242, 13315, 13316, 13317, 13386, 13534, 13656, 13709, 13710, 13717, 13725, 13897, 13902, 13932, 13935, 13936, 13942, 14122, 14123, 14220, 14259, 14352, 14418, 14423, 14546, 14659, 14752, 14925, 14936, 14959, 14960, 14965, 15039, 15054, 15059, 15061, 15301, 15307, 15465, 15506, 15508, 15527, 15706, 15708, 15709, 15865, 16199, 16437, 16551, 16552, 16559, 16572, 16944, 16953, 17047, 17050, 17051, 17066, 21515, 21660, 21824, 22022, 22032, 22055, 22095, 22309, 22342, 22447, 22477, 22485, 22653, 22674, 22837, 22853, 22856, 22901, 22902, 22903, 23002, 23004, 23005, 23210, 23517, 23519, 23599, 23615, 23734, 23735, 23736, 23737, 24017, 24032, 24033, 24151, 24258, 24429, 24430, 24431, 24545, 24558, 24559, 24626, 24885, 24921, 25066, 25110, 25142, 25433, 25733, 25740, 25791, 25792, 25796, 25798, 25912, 25918, 25919, 25920, 26076, 26110, 26192, 26194, 26196, 26294, 26410, 26411, 26412, 26413, 26487, 26488, 26559, 26600, 26601, 26602, 26669, 26743, 26872, 26937, 26955, 26957, 26959, 27037, 27059, 27084, 27112, 27129, 27135, 27136, 27162, 27179, 27195, 27197, 27210, 27301, 27315, 27331, 27362, 27394, 27471, 27485, 27517, 27567, 27572, 27613, 27615, 27616, 27630, 27734, 27747, 27750, 27793, 27819, 27835, 27853, 27893, 27895, 27896, 27958, 27994, 28017, 28018, 28031, 28218, 28254, 28330, 28396, 28446, 28572, 28601, 28629, 28709, 28710, 28776, 28867, 29007, 29062, 29064, 29138, 29237, 29240, 29650, 30101, 30132, 30182, 30256, 30269, 30388, 30428, 30614, 30638, 30681, 30747, 30781, 30960, 30976, 31063, 31134, 31136, 31140, 31141, 31195, 31395, 31396, 31531, 31555, 31586, 31593, 31750, 31775, 31836, 31876, 31975, 32097, 32123, 32176, 32178, 32179, 32189, 32296, 32305, 32308, 32462, 32579, 32706, 32710, 32756, 33053, 33110, 33174, 33188, 33193, 33216, 55521, 58286, 63611, 64161, 64307, 64391, 64438, 65363, 65529, 65583, 65724, 65765, 65934, 66281, 66311, 66772, 67318, 67650, 67834, 67937, 68851, 69044, 70077, 70114, 70515, 70629, 71026, 71144, 71409, 71520, 72377, 72460, 72487, 72675, 73610, 74263, 74317, 74569, 74893, 75119, 75149, 75185, 75857, 80955, 81259, 83830, 84437, 84974, 85286, 86107, 87086, 87985, 89483, 92305, 92687, 92870, 93245, 97844, 98365, 99002, 99902, 100461, 102039, 103802

Origin: DuckTales
Entries in micro JSONs: 25
Numbers: 1480, 1554, 4387, 4590, 46181, 46533, 51376, 53407, 60831, 61321, 62780, 68348, 68637, 69152, 70266, 74145, 74217, 76548, 76782, 78021, 79049, 94256, 94833, 98345, 101318

Origin: Family Guy
Entries in micro JSONs: 39
Numbers: 2835, 2918, 4433, 4659, 16606, 18293, 61884, 72512, 76035, 76245, 76275, 76428, 76665, 76956, 77497, 77762, 77943, 78139, 78589, 78812, 79378, 83691, 88539, 88805, 92760, 93335, 93422, 93890, 94585, 94928, 95356, 95939, 96772, 97593, 98118, 98711, 100039, 100631, 102131

Origin: Fate/Apocrypha
Entries in micro JSONs: 51
Numbers: 7610, 7667, 7856, 8307, 8464, 9097, 10830, 36619, 36946, 36956, 36985, 37416, 38063, 38772, 38803, 39839, 40763, 40896, 40897, 41038, 41680, 41774, 44004, 44076, 44078, 44085, 44179, 44307, 44442, 44452, 44667, 44850, 44880, 44881, 44899, 45014, 45031, 45084, 45145, 45150, 45606, 45752, 45780, 45781, 45811, 45914, 77582, 85919, 89132, 97048, 101652

Origin: Final Fantasy
Entries in micro JSONs: 121
Numbers: 11666, 11704, 11705, 11766, 11856, 11863, 11864, 11912, 11961, 11962, 11975, 12088, 12094, 12099, 12123, 12141, 12180, 12220, 12232, 12273, 12282, 13019, 13154, 13238, 13269, 13328, 13821, 13875, 13957, 14071, 14242, 14243, 14566, 14963, 14997, 14998, 15212, 15317, 15522, 15588, 15589, 15598, 15660, 15738, 16212, 16224, 16235, 16422, 16490, 16747, 16889, 16919, 16973, 17071, 17100, 17308, 18148, 18430, 19134, 19170, 19692, 20714, 20898, 20969, 21476, 21579, 21725, 21762, 21786, 21820, 22009, 22093, 22133, 23072, 23443, 23682, 23854, 24219, 24794, 24916, 24968, 24979, 25098, 25519, 25698, 26072, 26206, 26765, 27384, 27962, 29300, 29977, 30365, 32471, 33318, 33633, 34184, 35510, 36646, 37018, 37423, 38165, 39309, 40412, 41442, 41662, 42159, 42255, 42792, 43427, 43481, 45086, 45702, 48809, 49806, 50307, 54713, 68819, 74252, 78746, 100446

Origin: Five Nights At Freddy's
Entries in micro JSONs: 103
Numbers: 315, 672, 1068, 1094, 1548, 1578, 1834, 1939, 2025, 2495, 3076, 3389, 3434, 3490, 4437, 4561, 4653, 5193, 5414, 5443, 5610, 6423, 6556, 6622, 6722, 6780, 77166, 81264, 81735, 81919, 82189, 82210, 82212, 82213, 82466, 82467, 82468, 82497, 82780, 84520, 85533, 85587, 86462, 86587, 86606, 87240, 87370, 88079, 88390, 88521, 88542, 88543, 88544, 88658, 88756, 88800, 89609, 89711, 89730, 89786, 89823, 89888, 89965, 90156, 90157, 90158, 90159, 90756, 90771, 91095, 91146, 93253, 94075, 94395, 94896, 94937, 94939, 94940, 95350, 95351, 95352, 95417, 95753, 95928, 98820, 99135, 99219, 99297, 99457, 99569, 99819, 100112, 100844, 100845, 100846, 100847, 100915, 101030, 102674, 102909, 102947, 104061, 104265

Origin: Fortnite
Entries in micro JSONs: 71
Numbers: 47693, 48056, 49681, 50061, 50066, 50076, 52616, 54087, 55847, 55866, 55906, 62842, 63197, 63352, 63712, 63741, 64083, 64103, 64681, 65368, 65638, 65697, 65846, 66486, 66487, 66532, 66826, 67121, 67179, 67694, 68492, 69437, 70126, 70751, 70921, 71346, 72803, 72889, 72890, 72996, 73751, 73986, 74190, 74727, 74883, 75233, 75264, 76640, 77291, 77789, 78162, 78186, 78310, 78564, 78613, 79622, 79720, 86435, 86567, 94514, 96212, 97658, 98774, 98857, 99182, 99980, 100096, 102617, 102877, 102878, 103173

Origin: Fullmetal Alchemist
Entries in micro JSONs: 86
Numbers: 833, 2801, 2818, 3204, 4329, 4372, 5801, 5947, 16946, 18418, 23203, 24388, 28370, 30546, 48827, 49149, 49780, 49958, 50139, 50398, 51862, 54593, 55433, 56238, 64037, 64054, 64179, 64297, 64509, 64653, 64696, 64798, 64890, 64938, 65025, 65139, 65179, 65311, 65395, 65444, 65497, 65546, 65599, 65805, 66058, 66119, 66248, 66252, 66276, 66649, 66811, 66980, 67024, 67353, 67629, 68089, 68418, 68521, 68747, 68965, 69073, 69268, 69562, 69646, 69962, 70214, 70335, 70442, 70556, 70654, 71236, 71486, 71829, 72005, 72317, 72321, 72362, 73288, 73718, 74913, 89509, 90139, 90451, 98459, 100775, 101872

Origin: Gintama
Entries in micro JSONs: 72
Numbers: 47110, 47165, 47193, 47212, 47430, 47588, 47624, 47678, 47756, 47758, 47775, 47803, 47866, 48108, 48125, 48352, 48378, 48431, 48593, 48604, 48635, 48870, 49073, 49212, 49313, 49381, 49383, 49501, 49902, 50256, 50475, 50576, 50648, 51526, 52170, 52347, 52558, 52844, 52848, 52925, 53038, 53269, 54284, 54335, 55155, 55278, 55468, 56082, 56124, 56209, 59601, 59642, 59908, 60121, 60292, 60381, 60388, 62705, 62734, 62935, 62970, 63305, 65770, 65876, 68838, 68946, 69775, 69840, 71152, 71406, 78586, 100032

Origin: Godzilla
Entries in micro JSONs: 418
Numbers: 32, 36, 107, 206, 280, 345, 546, 556, 559, 857, 1935, 1944, 2002, 2264, 2756, 2778, 2916, 3449, 3450, 3562, 3567, 3775, 4083, 4163, 4221, 4315, 4532, 4644, 5029, 5059, 5075, 5403, 5429, 5549, 5992, 6203, 6606, 6607, 21658, 21741, 22196, 22253, 22365, 22455, 22456, 22457, 22472, 22476, 22591, 22596, 22598, 22642, 22667, 22669, 22705, 22805, 22866, 22887, 23084, 23110, 23113, 23173, 23174, 23184, 23187, 23195, 23215, 23216, 23217, 23218, 23220, 23225, 23226, 23230, 23231, 23248, 23254, 23278, 23280, 23281, 23299, 23304, 23312, 23357, 23365, 23374, 23376, 23382, 23414, 23449, 23454, 23492, 23497, 23512, 23522, 23527, 23529, 23622, 23645, 23651, 23652, 23653, 23696, 23749, 23860, 23863, 23874, 23887, 23921, 24208, 24209, 24210, 24252, 24263, 24297, 24458, 24459, 24460, 24461, 24462, 24466, 24479, 24513, 24517, 24535, 24537, 24538, 24542, 24544, 24553, 24556, 24589, 24603, 24644, 24705, 24764, 24773, 24780, 24806, 24848, 24852, 24884, 24888, 24890, 24901, 24905, 24930, 25048, 25107, 25122, 25125, 25126, 25128, 25140, 25146, 25183, 25192, 25209, 25241, 25243, 25301, 25370, 25541, 25585, 25587, 25712, 25738, 25778, 25815, 25818, 25826, 25837, 25881, 25882, 25883, 25884, 26090, 26230, 26334, 26376, 26377, 26378, 26414, 26452, 26468, 26612, 26613, 26640, 26641, 26643, 26646, 26653, 26694, 26716, 26742, 26745, 26795, 26796, 26801, 26814, 26841, 26968, 26986, 26987, 26988, 27032, 27107, 27385, 28319, 28784, 29281, 29348, 29404, 29409, 29413, 29483, 29546, 29547, 29613, 29654, 29745, 29770, 29871, 30368, 30389, 30405, 30674, 30704, 30706, 30739, 30788, 31129, 31429, 31430, 31523, 31549, 31577, 31927, 32108, 32701, 32792, 32960, 32976, 33064, 33065, 34639, 34694, 35136, 35187, 35547, 35550, 35551, 35773, 36006, 36022, 36040, 36615, 36667, 36794, 37038, 37039, 38062, 38120, 38288, 38289, 38296, 38298, 38299, 38335, 39064, 39095, 39612, 39650, 39764, 39814, 39861, 39862, 39864, 39911, 40128, 40140, 40685, 40746, 42039, 42057, 42494, 42499, 42736, 42951, 43625, 43698, 43701, 43719, 43721, 43723, 43820, 43830, 43839, 43858, 43859, 43893, 43897, 44357, 44678, 49217, 52073, 52209, 52214, 52219, 56708, 56709, 56710, 57773, 57796, 58443, 58444, 58445, 58808, 60487, 62560, 62744, 63010, 63454, 64818, 64853, 64896, 64897, 65258, 65524, 65646, 66653, 66780, 66941, 68293, 68400, 68795, 68880, 68985, 68988, 68990, 69838, 69968, 70507, 70770, 70989, 71789, 72170, 73297, 73637, 74161, 74803, 75081, 76973, 77037, 77149, 77588, 78220, 78221, 78356, 78936, 81684, 82359, 82515, 83676, 84055, 84301, 86120, 87621, 88341, 88573, 88620, 88650, 89205, 89233, 89263, 89267, 89564, 89589, 89655, 89733, 89763, 90201, 90352, 90368, 91004, 91138, 91508, 93988, 94204, 95088, 95184, 95265, 95388, 95392, 95453, 95562, 95887, 97067, 97397, 97518, 97566, 97668, 97698, 98270, 98618, 98728, 98729, 98949, 98950, 99312, 99327, 99397, 100983, 101548, 101601, 102063, 103715, 104209

Origin: Hollow Knight
Entries in micro JSONs: 86
Numbers: 2590, 2623, 2765, 2893, 2895, 2896, 3459, 3518, 3519, 3706, 3787, 4187, 4574, 4577, 4578, 6640, 6855, 6856, 75866, 75870, 76041, 76351, 76569, 76609, 76725, 76852, 76990, 77016, 77041, 77042, 77046, 77209, 77217, 77235, 77715, 78097, 78098, 78367, 78438, 78453, 78533, 78717, 79287, 79549, 79598, 79615, 79682, 79874, 79903, 80061, 80188, 80189, 92328, 92341, 92785, 93642, 94310, 94427, 94709, 95054, 95435, 95505, 95571, 95572, 95594, 96041, 96056, 96093, 97469, 98547, 98553, 99372, 99610, 99651, 99886, 100379, 101916, 102641, 102805, 102859, 103065, 103676, 103763, 104199, 104588, 104589

Origin: Holo no Graffiti
Entries in micro JSONs: 48
Numbers: 23306, 24909, 29655, 32117, 33906, 34038, 38959, 39597, 40615, 42887, 46713, 50499, 50647, 51010, 52333, 53265, 53613, 53767, 54289, 54495, 54893, 55282, 56754, 56783, 56837, 57032, 57133, 57174, 57199, 57258, 57334, 57393, 64403, 65358, 67857, 70099, 77779, 78568, 81297, 82630, 84871, 86194, 93307, 95662, 97628, 99735, 99988, 102197

Origin: Ice Age
Entries in micro JSONs: 10
Numbers: 76115, 76334, 78066, 78918, 79186, 92985, 93604, 98461, 100935, 101647

Origin: JoJo's Bizarre Adventure '''(Part III: Stardust Crusaders)'''
Entries in micro JSONs: 36
Numbers: 227, 305, 397, 1643, 1941, 2006, 2539, 4168, 4419, 4692, 4794, 5424, 5556, 6857, 64779, 65062, 66839, 68210, 68706, 69350, 70960, 71366, 73779, 74101, 74793, 74888, 77300, 78587, 84645, 88882, 89723, 89944, 96232, 99256, 99343, 100033

Origin: Johnny Test
Entries in micro JSONs: 25
Numbers: 27406, 27580, 30434, 31006, 35409, 35707, 37795, 38853, 46087, 48934, 49096, 49386, 50870, 51611, 52864, 58697, 58917, 59740, 59902, 60643, 60844, 61157, 67512, 68386, 69697

Origin: Jujutsu Kaisen
Entries in micro JSONs: 137
Numbers: 21039, 21409, 28026, 32740, 48883, 49058, 49178, 49245, 49300, 49461, 49483, 49513, 49595, 49628, 49632, 49648, 49861, 49862, 49994, 50020, 50127, 50190, 50198, 50201, 50206, 50626, 51474, 51999, 52345, 52507, 52853, 53127, 53198, 53330, 53682, 53838, 53856, 53947, 54972, 54977, 55105, 55593, 55694, 56185, 56565, 56594, 56599, 56615, 57894, 58033, 58208, 58225, 60051, 60572, 60711, 60727, 61242, 61375, 61377, 61523, 61764, 61899, 62025, 62176, 62260, 62303, 62460, 62510, 62626, 62653, 62686, 62787, 62811, 62914, 62915, 62917, 62928, 62996, 63141, 63143, 63170, 63179, 63181, 63272, 63274, 63306, 63310, 63325, 63479, 63678, 63786, 63948, 65273, 65531, 65611, 66788, 67117, 67240, 67803, 67866, 68059, 68548, 68647, 68755, 69188, 69327, 69670, 69676, 69683, 69745, 69876, 69918, 69993, 70508, 70517, 70663, 70688, 70694, 71041, 71045, 71156, 71171, 71216, 71870, 71988, 72547, 72654, 73084, 73088, 73670, 79870, 84795, 89118, 89840, 96978, 99616, 103667

Origin: Kim Possible
Entries in micro JSONs: 9
Numbers: 12856, 14714, 46221, 49083, 49471, 49917, 51564, 53169, 55237

Origin: Kingdom Hearts
Entries in micro JSONs: 206
Numbers: 110, 111, 928, 3779, 3780, 6196, 8393, 8394, 8411, 8465, 8496, 8497, 8682, 8693, 8694, 8699, 8789, 8845, 8846, 8847, 8848, 8849, 9141, 9243, 9247, 9264, 9301, 9317, 9367, 9423, 9434, 9435, 9462, 9683, 9705, 9715, 9788, 9789, 9806, 9812, 9843, 9863, 9943, 9945, 9955, 10020, 10038, 10317, 10330, 10381, 10382, 10389, 10412, 10422, 10426, 10428, 10482, 10797, 10798, 10804, 10831, 10842, 10843, 10913, 10919, 10920, 10922, 10956, 10977, 10978, 10979, 10980, 10981, 11111, 11123, 11126, 11133, 11148, 11157, 11179, 11205, 11207, 11208, 11220, 11300, 11310, 11315, 11351, 11352, 11360, 11362, 11377, 11386, 11420, 11421, 11428, 11458, 11466, 11582, 11589, 11616, 11617, 11621, 11628, 11632, 11634, 11636, 11658, 12332, 12335, 12344, 12362, 12368, 12381, 12382, 12385, 12389, 12413, 12415, 12416, 12418, 12427, 12428, 12432, 12434, 12437, 12439, 12440, 12442, 12449, 12454, 12456, 12462, 12485, 12496, 12497, 12499, 12503, 12512, 12520, 12544, 12545, 12546, 12551, 12552, 12555, 12564, 14144, 14166, 14227, 14435, 14518, 14634, 14656, 14697, 14748, 15050, 15094, 15105, 15149, 15273, 15278, 15342, 15491, 15540, 15563, 15580, 15592, 15669, 15721, 15746, 15797, 16090, 16271, 16272, 16303, 16403, 16569, 16709, 17041, 17057, 17064, 17154, 17159, 17197, 17273, 46886, 55458, 81460, 83374, 84121, 85439, 85812, 86038, 86039, 86040, 87138, 93599, 97047, 98407, 100731, 101433, 101903, 101904, 101905, 103893

Origin: Kirby
Entries in micro JSONs: 36
Numbers: 12688, 12715, 12770, 13222, 13358, 13563, 14329, 14371, 14510, 15492, 15805, 16264, 21633, 21956, 24445, 25564, 27409, 27618, 27723, 27843, 30444, 31147, 31493, 31908, 33747, 33753, 34087, 37155, 37231, 38496, 39870, 39871, 41166, 42550, 42952, 42953

Origin: Knack (series)
Entries in micro JSONs: 16
Numbers: 603, 2990, 5065, 5231, 48866, 49491, 49574, 50065, 50568, 53230, 53587, 55863, 65336, 70031, 89238, 97536

Origin: Lego City Undercover
Entries in micro JSONs: 4
Numbers: 81243, 85386, 93211, 100648

Origin: Looney Tunes
Entries in micro JSONs: 20
Numbers: 8570, 10024, 10368, 10867, 11459, 11608, 19887, 20811, 21006, 21109, 21334, 21401, 62405, 63684, 63890, 67633, 72687, 73499, 81424, 93538

Origin: Mario Bros
Entries in micro JSONs: 203
Numbers: 3468, 6665, 11747, 11764, 12078, 12223, 12333, 12357, 12446, 12562, 14145, 14359, 14458, 14556, 15656, 15785, 16178, 16932, 17252, 17344, 17926, 17979, 18752, 19246, 19873, 20364, 21501, 23969, 24245, 24882, 25034, 25467, 26091, 26224, 26232, 26320, 26476, 26555, 26741, 26775, 26885, 27033, 27070, 27074, 27090, 37077, 37083, 37107, 37125, 37191, 37196, 37203, 37204, 37261, 37544, 37603, 37692, 37694, 37734, 37741, 37846, 37982, 38203, 38321, 38466, 38577, 38601, 38645, 38915, 38922, 38955, 39060, 39061, 39075, 39124, 39260, 39280, 39443, 39455, 39457, 39553, 39593, 39652, 39672, 39750, 39850, 40114, 40181, 40183, 40226, 40317, 40324, 40420, 40589, 40603, 40787, 40795, 40877, 40927, 40958, 41043, 41073, 41179, 41446, 41448, 41471, 41514, 41678, 41715, 41729, 41739, 41750, 41916, 42169, 42172, 42177, 42185, 42204, 42207, 42210, 42211, 42224, 42296, 42312, 42338, 42339, 42359, 42363, 42386, 42420, 42467, 42505, 42543, 42575, 42588, 42602, 42678, 42680, 42684, 42723, 42724, 42729, 42746, 42778, 42785, 42835, 42844, 42846, 42873, 42886, 42901, 42906, 42922, 42948, 43019, 43035, 43037, 43048, 43077, 43081, 43113, 43168, 43174, 43228, 43230, 43251, 43268, 43276, 43304, 43315, 43355, 43428, 43429, 43436, 43448, 43484, 43491, 43497, 43500, 43507, 43556, 64270, 64329, 64380, 64449, 65310, 65350, 65609, 65898, 66209, 66310, 66679, 67570, 67699, 67802, 67959, 69961, 70075, 70684, 71447, 72217, 72459, 73368

Origin: Markiplier
Entries in micro JSONs: 20
Numbers: 414, 4756, 8591, 10083, 10358, 10369, 10872, 11485, 11604, 11609, 81120, 82955, 86624, 87348, 91062, 92990, 96261, 102982, 103937, 104232

Origin: Marvel Comics
Entries in micro JSONs: 1536
Numbers: 12, 30, 124, 128, 177, 179, 214, 288, 419, 422, 431, 461, 691, 745, 842, 919, 1064, 1173, 1226, 1246, 1254, 1255, 1296, 1387, 1389, 1421, 1545, 1559, 1615, 1858, 1971, 1985, 1990, 2085, 2107, 2339, 2400, 2440, 2865, 2950, 3027, 3032, 3140, 3278, 3294, 3342, 3454, 3470, 3558, 3605, 3752, 3804, 3826, 3835, 3836, 3962, 3978, 3983, 4116, 4162, 4172, 4272, 4339, 4518, 4547, 4601, 4726, 4769, 4774, 4775, 4795, 4840, 5242, 5256, 5472, 5499, 5513, 5514, 5628, 5689, 5783, 5833, 5962, 6081, 6143, 6180, 6271, 6413, 6552, 6613, 6623, 6645, 6673, 6916, 6920, 6922, 6924, 6933, 6943, 6945, 6946, 6962, 6969, 6970, 6983, 6985, 6987, 6992, 6993, 6994, 6997, 7002, 7007, 7010, 7011, 7025, 7030, 7034, 7044, 7048, 7050, 7053, 7063, 7066, 7068, 7074, 7075, 7083, 7087, 7091, 7094, 7099, 7100, 7101, 7102, 7103, 7104, 7109, 7110, 7137, 7142, 7144, 7169, 7185, 7193, 7209, 7215, 7217, 7222, 7225, 7226, 7244, 7249, 7251, 7260, 7263, 7265, 7279, 7282, 7317, 7318, 7320, 7324, 7335, 7343, 7349, 7359, 7363, 7368, 7375, 7376, 7382, 7383, 7385, 7390, 7397, 7405, 7407, 7408, 7418, 7420, 7429, 7442, 7449, 7485, 8299, 8308, 8313, 8346, 8407, 8445, 8456, 8462, 8504, 8524, 8527, 8538, 8539, 8589, 8606, 8609, 8632, 8647, 8648, 8663, 8666, 8672, 8703, 8736, 8740, 8745, 8753, 8754, 8771, 8775, 8800, 8811, 8830, 8851, 8885, 8901, 8904, 8905, 8916, 8930, 8942, 8945, 8958, 8976, 8982, 8992, 8997, 9020, 9025, 9026, 9033, 9037, 9039, 9044, 9059, 9068, 9069, 9070, 9071, 9072, 9073, 9074, 9088, 9095, 9120, 9126, 9236, 9261, 9267, 9335, 9339, 9389, 9416, 9465, 9494, 9507, 9516, 9523, 9525, 9567, 9584, 9585, 9590, 9614, 9616, 9625, 9626, 9638, 9694, 9708, 9770, 9771, 9816, 9839, 9840, 9844, 9858, 9877, 9897, 9917, 9963, 9964, 9972, 9993, 10039, 10048, 10062, 10070, 10082, 10097, 10101, 10120, 10121, 10126, 10139, 10143, 10156, 10177, 10181, 10182, 10206, 10208, 10255, 10293, 10329, 10354, 10366, 10372, 10373, 10463, 10499, 10523, 10535, 10552, 10601, 10602, 10642, 10683, 10686, 10689, 10693, 10709, 10739, 10846, 10852, 10855, 10894, 10905, 10908, 10944, 10945, 10949, 10951, 10966, 11003, 11010, 11012, 11020, 11029, 11051, 11055, 11062, 11065, 11067, 11069, 11082, 11102, 11106, 11165, 11203, 11221, 11232, 11278, 11282, 11312, 11344, 11345, 11364, 11375, 11376, 11382, 11389, 11409, 11433, 11434, 11447, 11467, 11472, 11479, 11484, 11523, 11572, 11600, 11612, 11613, 11651, 14947, 15220, 15335, 15503, 15515, 15573, 15802, 16584, 16865, 17611, 17717, 17763, 17860, 17867, 17888, 17987, 18289, 18386, 19195, 19200, 19211, 19212, 19215, 19235, 19241, 19242, 19243, 19244, 19245, 19262, 19265, 19280, 19284, 19286, 19293, 19304, 19313, 19321, 19331, 19337, 19345, 19367, 19380, 19391, 19404, 19415, 19419, 19420, 19421, 19426, 19435, 19439, 19449, 19457, 19469, 19490, 19492, 19493, 19496, 19543, 19572, 19594, 19599, 19619, 19629, 19646, 19647, 19648, 19669, 19678, 19688, 19699, 19706, 19719, 19720, 19752, 19762, 19786, 19789, 19793, 19843, 19850, 19853, 19856, 19860, 19866, 19901, 19907, 19948, 19960, 19963, 19992, 20017, 20042, 20061, 20083, 20098, 20126, 20173, 20204, 20220, 20249, 20270, 20276, 20277, 20278, 20293, 20334, 20345, 20365, 20381, 20404, 20448, 20452, 20453, 20461, 20568, 20623, 20662, 20673, 20719, 20740, 20778, 20779, 20782, 20827, 20852, 20890, 20923, 20951, 20980, 20983, 21113, 22212, 22450, 22565, 23144, 23260, 23308, 23317, 23455, 23524, 23608, 23755, 24018, 24441, 24674, 24811, 24919, 24953, 25592, 25823, 26163, 27388, 27393, 28054, 28065, 28096, 28097, 28102, 28109, 28110, 28111, 28114, 28145, 28164, 28166, 28169, 28171, 28180, 28204, 28205, 28207, 28209, 28231, 28242, 28243, 28253, 28262, 28297, 28316, 28326, 28329, 28356, 28363, 28364, 28377, 28379, 28401, 28414, 28422, 28434, 28447, 28451, 28466, 28471, 28478, 28483, 28490, 28496, 28497, 28498, 28501, 28502, 28506, 28512, 28514, 28515, 28516, 28517, 28518, 28519, 28520, 28521, 28522, 28523, 28524, 28531, 28540, 28554, 28599, 28612, 28617, 28626, 28646, 28648, 28649, 28669, 28671, 28685, 28686, 28688, 28690, 28691, 28693, 28702, 28726, 28740, 28743, 28749, 28754, 28756, 28759, 28761, 28762, 28777, 28796, 28803, 28806, 28818, 28840, 28876, 28878, 28886, 28904, 28918, 28921, 28938, 28940, 28947, 28954, 28955, 28965, 28980, 28997, 29014, 29019, 29027, 29030, 29043, 29046, 29054, 29083, 29084, 29101, 29124, 29131, 29132, 29178, 29183, 29190, 29195, 29196, 29200, 29205, 29206, 29214, 29217, 29221, 29226, 29232, 29234, 29775, 29794, 29846, 29851, 29867, 29884, 29888, 29889, 29895, 29961, 30026, 30033, 30036, 30042, 30064, 30136, 30137, 30143, 30147, 30216, 30240, 30244, 30266, 30281, 30340, 30377, 30385, 30422, 30427, 30514, 30529, 30531, 30562, 30571, 30624, 30655, 30688, 30711, 30749, 30768, 30800, 30805, 30814, 30837, 30849, 30871, 30873, 30874, 30884, 30885, 30903, 30919, 30924, 30926, 30928, 30929, 30930, 30931, 30932, 30933, 30934, 30935, 30936, 30953, 30973, 31015, 31133, 31158, 31171, 31192, 31241, 31243, 31244, 31293, 31297, 31338, 31340, 31343, 31347, 31350, 31355, 31374, 31446, 31486, 31490, 31504, 31513, 31517, 31521, 31526, 31530, 31561, 31606, 31625, 31628, 31660, 31707, 31800, 31810, 31839, 31884, 31931, 31940, 31996, 32000, 32011, 32024, 32026, 32057, 32090, 32132, 32200, 32213, 32229, 32232, 32262, 32267, 32285, 32353, 32356, 32392, 32433, 32446, 32447, 32575, 32586, 32607, 32616, 32618, 32624, 32633, 32635, 32650, 32655, 32662, 32672, 32694, 32697, 39257, 39570, 41098, 42777, 43328, 44598, 45815, 46322, 46964, 47123, 47386, 47645, 47716, 47717, 47895, 48191, 48212, 48681, 48690, 49327, 50292, 51333, 52041, 52136, 52412, 52618, 52691, 52692, 52693, 52694, 53405, 54568, 54632, 55990, 56343, 56362, 56363, 56397, 57827, 58771, 58886, 58887, 59541, 59547, 59604, 60594, 60770, 61102, 61122, 61881, 62482, 62556, 62660, 62762, 62832, 62866, 62867, 62868, 62869, 62870, 63110, 63234, 63393, 63591, 63629, 63872, 63873, 63874, 63887, 64091, 64131, 64141, 64190, 64222, 64229, 64234, 64242, 64323, 64325, 64330, 64336, 64472, 64496, 64501, 64508, 64606, 64677, 64756, 64793, 64912, 64945, 64968, 65026, 65070, 65141, 65220, 65307, 65320, 65362, 65503, 65542, 65545, 65665, 65668, 65699, 65779, 65782, 65800, 65818, 65948, 65976, 65978, 65986, 65989, 66032, 66042, 66076, 66140, 66170, 66214, 66222, 66231, 66239, 66300, 66306, 66348, 66356, 66373, 66414, 66470, 66556, 66562, 66621, 66700, 66716, 66733, 66741, 66742, 66743, 66909, 66925, 67042, 67099, 67101, 67147, 67247, 67271, 67302, 67382, 67449, 67463, 67471, 67474, 67477, 67483, 67488, 67495, 67507, 67518, 67573, 67691, 67693, 67704, 67710, 67721, 67905, 67929, 67935, 68011, 68053, 68058, 68069, 68087, 68130, 68134, 68224, 68275, 68299, 68346, 68417, 68444, 68446, 68481, 68526, 68603, 68661, 68667, 68733, 68891, 68898, 68923, 69024, 69054, 69086, 69087, 69146, 69174, 69178, 69192, 69269, 69343, 69364, 69398, 69406, 69444, 69512, 69513, 69514, 69515, 69516, 69517, 69518, 69520, 69521, 69565, 69571, 69649, 69719, 69785, 69956, 69991, 70109, 70110, 70112, 70228, 70234, 70313, 70361, 70362, 70410, 70423, 70460, 70503, 70541, 70542, 70544, 70550, 70739, 70780, 70825, 70829, 70830, 70889, 70890, 70895, 70907, 70924, 70948, 71119, 71178, 71187, 71230, 71273, 71290, 71337, 71527, 71562, 71573, 71641, 71643, 71660, 71661, 71664, 71722, 71760, 71793, 71859, 71893, 71944, 72011, 72012, 72020, 72026, 72060, 72120, 72200, 72228, 72252, 72258, 72260, 72281, 72301, 72426, 72437, 72443, 72449, 72456, 72458, 72492, 72503, 72507, 72524, 72545, 72587, 72686, 72830, 72854, 72885, 73051, 73065, 73097, 73133, 73211, 73320, 73327, 73333, 73407, 73432, 73433, 73434, 73440, 73453, 73473, 73474, 73477, 73482, 73487, 73517, 73539, 73544, 73545, 73807, 73814, 73843, 73864, 73865, 73935, 73940, 73941, 73944, 73946, 73954, 73967, 73990, 74033, 74039, 74057, 74073, 74083, 74084, 74108, 74125, 74144, 74165, 74174, 74175, 74186, 74195, 74211, 74277, 74279, 74289, 74322, 74353, 74355, 74358, 74393, 74408, 74410, 74434, 74435, 74436, 74438, 74447, 74469, 74505, 74581, 74582, 74606, 74608, 74632, 74641, 74642, 74651, 74654, 74676, 74681, 74682, 74683, 74686, 74723, 74737, 74748, 74773, 74774, 74777, 74779, 74788, 74825, 74839, 74866, 74882, 74919, 74931, 74958, 74976, 75004, 75029, 75044, 75045, 75048, 75049, 75087, 75095, 75096, 75133, 75139, 75144, 75146, 75153, 75155, 75189, 75222, 75232, 75276, 75280, 75285, 75297, 75342, 75344, 75347, 75363, 75373, 75380, 75381, 75382, 75384, 75958, 76338, 76365, 77064, 77230, 77243, 77352, 77353, 77354, 77714, 77998, 78028, 78062, 79322, 79363, 80001, 80082, 80405, 80495, 80496, 80525, 80555, 80632, 80654, 80767, 80784, 80851, 80866, 80871, 80879, 80880, 81050, 81061, 81164, 81215, 81474, 81529, 81533, 81574, 81620, 81634, 81702, 81775, 81788, 81857, 81912, 81925, 81940, 81976, 82010, 82088, 82089, 82090, 82092, 82140, 82287, 82484, 82655, 82668, 82726, 82729, 82755, 82767, 82773, 82839, 82875, 82895, 82898, 82963, 82988, 82999, 83046, 83162, 83186, 83306, 83487, 83505, 83618, 83718, 83719, 83789, 83822, 83828, 83841, 83926, 84051, 84052, 84070, 84076, 84078, 84373, 84405, 84431, 84524, 84564, 84613, 84643, 84751, 84768, 85006, 85188, 85200, 85215, 85319, 85339, 85340, 85556, 85693, 85731, 85742, 85822, 85830, 85934, 85966, 86077, 86079, 86129, 86130, 86331, 86332, 86339, 86372, 86389, 86522, 86615, 86791, 86873, 87107, 87136, 87223, 87390, 87610, 87678, 87881, 88058, 88112, 88285, 88295, 88726, 89258, 89369, 89443, 89444, 89520, 89662, 89681, 89691, 89704, 89706, 90136, 90432, 90508, 90716, 91051, 91462, 91623, 91687, 91813, 91816, 91874, 91924, 92054, 92094, 92334, 92371, 92487, 92494, 92519, 92530, 92555, 92556, 92563, 92868, 92889, 93075, 93166, 93431, 93612, 93629, 93678, 93731, 93735, 93796, 93876, 93901, 93987, 94015, 94144, 94174, 94284, 94382, 94402, 94434, 94493, 94561, 94706, 94708, 94710, 94714, 94806, 95058, 95390, 95652, 95703, 95730, 95834, 95838, 95891, 95910, 95919, 96035, 96084, 96110, 96139, 96145, 96275, 96326, 96353, 96357, 96358, 96359, 96433, 96660, 96705, 96928, 97202, 97237, 97444, 97467, 97642, 97643, 97647, 97770, 97834, 97840, 97867, 98023, 98052, 98266, 98267, 98305, 98320, 98322, 98355, 98442, 98497, 98860, 98937, 98993, 99106, 99134, 99140, 99181, 99190, 99222, 99294, 99339, 99532, 99564, 99957, 100295, 100317, 100339, 100522, 100560, 100561, 100768, 100964, 101223, 101292, 101317, 101449, 101469, 101682, 101745, 101798, 101991, 101996, 101997, 102084, 102085, 102096, 102424, 102425, 102438, 102498, 102525, 102792, 102959, 103275, 103419, 103840, 103882, 103891, 104017, 104027, 104267, 104299

Origin: Metal Gear
Entries in micro JSONs: 64
Numbers: 229, 4171, 48171, 48227, 49060, 49637, 51478, 53908, 54491, 54687, 56326, 58666, 59195, 60407, 61005, 61431, 61654, 61858, 62076, 62359, 62545, 62670, 62756, 63192, 63193, 63351, 63401, 63404, 63530, 63605, 63606, 63707, 63717, 63720, 63725, 63746, 63763, 63833, 63847, 63860, 67445, 68222, 68712, 69057, 70728, 70730, 71342, 71564, 71582, 72034, 72363, 72364, 72784, 72820, 72824, 72833, 72918, 72971, 73285, 73326, 73390, 76470, 88293, 94013

Origin: Minecraft
Entries in micro JSONs: 134
Numbers: 3303, 6178, 19949, 20303, 20315, 20671, 21127, 21214, 21216, 21300, 21964, 25591, 29331, 29446, 29451, 30219, 30949, 30983, 49118, 49119, 49120, 49121, 49345, 49352, 49376, 49809, 50062, 50082, 50154, 50167, 50221, 51747, 51748, 51749, 51750, 52689, 52730, 52810, 54736, 55857, 55927, 56364, 56427, 56705, 62494, 62615, 62631, 62671, 63138, 63853, 64240, 64352, 64466, 64468, 64855, 64958, 65137, 65180, 65460, 65871, 65899, 66211, 66232, 66250, 66734, 66739, 66832, 66833, 67505, 67741, 67986, 67996, 68002, 68504, 68505, 68574, 68715, 68883, 69114, 69348, 69552, 69647, 70369, 70497, 71397, 71399, 71448, 72224, 72286, 72319, 73069, 73341, 73353, 73360, 73525, 73536, 73761, 73764, 73766, 74054, 74192, 74204, 74334, 74395, 74891, 75102, 75281, 75348, 75354, 75441, 76645, 76802, 77215, 77938, 78024, 78601, 79199, 79233, 79308, 79662, 79958, 86018, 94531, 94890, 96053, 98098, 98348, 100064, 101685, 101785, 101844, 101976, 103014, 103924

Origin: Mob Psycho 100
Entries in micro JSONs: 56
Numbers: 1532, 4514, 34549, 34797, 34862, 34972, 35385, 36154, 36273, 37699, 39005, 40335, 40478, 40824, 41459, 42707, 43131, 43239, 43431, 45867, 49456, 49841, 50054, 51490, 53094, 54629, 54881, 55784, 56912, 57304, 68235, 69330, 69536, 70980, 71761, 71866, 72153, 72199, 72735, 74113, 74392, 74440, 74798, 74985, 75007, 75077, 75086, 75203, 78146, 84609, 85356, 86367, 98742, 99289, 100593, 102489

Origin: Monster Hunter
Entries in micro JSONs: 366
Numbers: 35522, 36003, 36668, 36686, 36745, 36770, 37059, 37079, 37105, 37210, 37339, 37359, 37583, 37673, 37681, 37709, 37712, 37808, 37913, 37924, 37931, 37977, 38121, 38209, 38304, 38326, 38359, 38392, 38470, 38675, 39019, 39180, 39197, 39224, 39468, 39523, 39558, 39706, 39721, 39740, 39807, 39851, 39907, 39937, 39941, 39951, 39969, 39989, 40095, 40115, 40279, 40373, 40402, 40432, 40433, 40605, 40803, 41221, 41256, 41281, 41327, 41429, 41554, 41571, 41602, 41615, 41632, 41779, 41838, 41861, 42023, 42031, 44012, 44026, 44103, 44114, 44136, 44160, 44165, 44229, 44231, 44254, 44279, 44282, 44284, 44321, 44361, 44370, 44378, 44389, 44426, 44501, 44530, 44531, 44535, 44580, 44592, 44596, 44636, 44647, 44669, 44676, 44686, 44689, 44690, 44695, 44697, 44721, 44727, 44753, 44770, 44778, 44784, 44785, 44819, 44930, 44936, 44940, 44946, 44964, 44987, 44991, 44997, 44999, 45002, 45032, 45052, 45079, 45091, 45104, 45172, 45240, 45258, 45259, 45302, 45336, 45351, 45577, 45582, 45630, 45661, 45761, 45846, 45891, 45923, 45930, 45958, 47197, 47421, 47589, 47967, 48076, 48236, 48504, 48627, 48734, 48780, 50597, 51477, 52188, 53207, 53708, 54185, 54732, 55790, 56184, 56537, 56697, 58972, 64300, 64406, 64738, 64781, 64842, 64928, 64929, 64930, 64931, 64932, 64934, 64936, 64971, 65093, 65117, 65371, 65490, 65536, 65936, 65951, 66577, 66619, 66658, 66777, 66860, 66914, 67057, 67088, 67095, 67212, 67316, 67338, 67351, 67356, 67357, 67502, 67551, 67587, 67638, 67868, 68220, 68251, 68390, 68551, 68611, 68710, 68828, 68848, 68904, 68922, 68933, 68960, 68977, 69022, 69053, 69059, 69060, 69061, 69063, 69064, 69066, 69070, 69135, 69151, 69171, 69426, 69427, 69496, 69929, 70131, 70137, 70205, 70254, 70418, 70531, 70839, 70877, 71048, 71114, 71210, 71312, 71322, 71445, 71522, 71568, 71574, 71621, 71622, 72079, 72741, 72857, 73052, 73115, 73206, 73247, 73313, 73624, 73625, 73719, 73738, 73758, 73790, 73808, 73848, 73859, 73862, 73887, 73904, 73909, 73911, 73912, 73913, 73949, 73962, 73971, 74106, 74117, 74157, 74200, 74255, 74281, 74288, 74293, 74299, 74304, 74315, 74321, 74324, 74340, 74352, 74413, 74431, 74538, 74586, 74600, 74615, 74653, 74750, 74764, 74812, 74822, 74842, 74873, 74877, 74904, 74932, 74947, 74948, 75062, 75205, 75227, 75277, 75322, 75412, 75429, 75435, 75439, 75508, 75945, 76069, 76882, 76910, 76940, 77012, 77013, 77015, 77019, 77047, 77337, 77967, 78640, 79897, 80148, 82303, 82538, 82539, 82540, 91401, 92537, 92864, 95084, 95136, 95226, 95296, 95496, 95497, 95500, 95501, 95502, 95504, 95512, 95599, 96327, 98201, 100181, 103752, 104466

Origin: Mr. Bean
Entries in micro JSONs: 2
Numbers: 84554, 99199

Origin: My Hero Academia
Entries in micro JSONs: 315
Numbers: 2802, 2997, 4330, 5088, 36717, 37335, 37540, 37569, 37909, 38098, 38217, 38243, 38337, 38586, 38763, 38764, 38906, 38988, 38989, 39004, 39011, 39178, 39812, 39833, 39973, 40023, 40049, 40519, 40608, 40631, 40853, 40874, 41007, 41210, 41468, 41481, 41522, 41608, 41794, 41827, 41931, 42070, 42241, 42295, 42303, 42399, 42444, 42473, 42480, 42510, 42580, 42631, 42632, 42674, 42700, 42701, 42706, 42711, 42759, 42938, 42944, 42984, 42996, 43001, 43148, 43177, 43182, 43246, 43250, 43292, 43362, 43435, 43441, 43451, 43470, 43526, 43533, 43558, 47392, 48102, 48995, 49179, 49210, 49297, 49303, 49337, 49378, 49521, 49643, 49658, 49668, 49732, 49836, 49925, 49939, 50116, 50183, 50789, 51136, 51144, 51347, 51445, 51673, 51929, 52000, 52157, 52497, 52517, 52657, 52741, 52742, 52830, 52932, 53089, 53090, 53124, 53302, 53349, 53466, 53734, 53923, 53988, 53994, 54047, 54268, 54343, 54853, 55179, 55265, 55315, 55325, 55690, 55712, 56131, 56527, 56586, 57613, 57665, 57728, 57877, 57944, 57948, 57976, 58004, 58077, 58086, 58237, 58257, 58311, 58316, 58429, 58657, 58758, 58896, 58897, 58930, 58958, 58959, 59056, 60724, 60773, 60800, 60847, 60852, 60929, 60996, 61069, 61072, 61076, 61080, 61081, 61089, 61093, 61113, 61125, 61130, 61131, 61149, 61168, 61178, 61212, 61221, 61223, 61246, 61259, 61294, 61386, 61399, 61420, 61433, 61441, 61447, 61461, 61467, 61476, 61529, 61531, 61535, 61553, 61554, 61567, 61619, 61681, 61704, 61705, 61737, 61741, 61776, 61778, 61782, 61798, 61804, 61805, 61814, 61815, 61819, 61851, 61854, 61928, 61944, 61945, 61952, 62023, 62029, 62032, 62039, 62041, 62089, 62141, 62156, 62159, 62173, 62175, 62514, 63440, 63939, 66026, 67854, 68079, 68189, 68407, 68426, 68756, 69030, 69305, 69317, 69331, 69339, 69340, 69369, 69385, 69482, 69544, 69560, 69561, 69664, 69748, 69779, 69885, 69911, 69913, 70006, 70053, 70172, 70554, 70614, 70693, 70740, 70778, 70809, 70864, 70891, 70930, 71079, 71081, 71091, 71140, 71150, 71202, 71459, 71682, 71741, 71742, 71848, 71880, 72059, 72063, 72094, 72154, 72172, 72177, 72210, 72211, 72222, 72322, 72334, 72664, 72722, 72725, 72744, 73083, 73104, 73122, 73174, 73182, 73354, 73538, 73619, 73634, 73662, 73666, 83697, 90351, 97603, 101540

Origin: My Little Pony
Entries in micro JSONs: 289
Numbers: 1496, 1688, 2080, 2092, 2093, 2095, 2119, 2267, 2410, 2411, 2445, 2458, 2649, 3257, 3321, 3859, 4412, 4925, 5761, 5803, 5804, 5806, 5864, 5958, 6216, 6229, 6579, 6580, 6654, 6679, 8409, 8410, 8525, 8649, 8650, 8662, 8733, 8774, 8842, 8843, 8917, 9245, 9246, 9343, 9689, 9702, 9706, 9718, 9719, 9721, 9742, 9750, 9751, 9752, 9761, 9762, 9883, 9958, 9962, 9965, 9973, 9982, 10034, 10081, 10175, 10244, 10802, 10803, 10853, 10895, 10896, 10902, 10935, 10950, 10974, 10975, 11017, 11124, 11125, 11170, 11303, 11309, 11311, 11317, 11318, 11320, 11327, 11331, 11332, 11333, 11339, 11340, 11390, 11431, 11432, 11435, 11439, 11443, 11464, 11483, 11514, 11542, 11682, 11683, 11719, 11763, 11765, 11769, 11803, 11818, 11843, 11844, 11872, 11944, 11945, 11970, 12051, 12055, 12056, 12059, 12065, 12066, 12067, 12081, 12085, 12086, 12087, 12090, 12091, 12137, 12151, 12152, 12153, 12158, 12161, 12170, 12183, 12195, 12209, 12226, 12227, 14164, 14165, 14296, 14554, 14560, 14574, 14685, 14786, 14905, 14906, 15014, 15489, 15490, 15631, 16097, 16113, 16114, 16125, 16155, 16156, 16158, 16186, 16206, 16207, 16208, 16216, 16217, 16479, 16593, 16598, 16601, 16619, 16632, 16698, 16752, 16814, 16858, 16958, 16959, 21498, 23964, 34211, 34212, 34247, 34316, 34325, 34377, 34383, 34561, 34611, 34748, 34755, 34772, 34784, 34789, 34794, 34811, 34890, 34909, 34921, 34950, 34957, 34984, 36838, 36840, 37116, 37598, 37665, 38023, 38037, 39076, 39422, 40239, 40262, 40357, 40401, 40428, 40453, 40559, 40961, 41051, 41131, 41338, 41377, 41533, 45704, 60542, 60751, 60914, 61240, 61349, 61606, 61878, 61894, 61915, 67128, 67987, 68691, 69989, 70396, 71383, 72461, 72536, 72610, 75671, 76789, 78620, 78736, 78756, 79406, 79829, 80513, 81441, 82163, 82474, 83333, 85100, 85161, 85162, 85165, 85271, 85294, 86132, 86203, 86234, 86463, 86921, 86922, 87144, 91846, 91848, 93571, 94850, 95366, 96973, 100123, 100244, 100245, 100248, 100429, 100479, 102089, 102217, 102270, 102675, 103516, 103517, 103902

Origin: Ninja Gaiden
Entries in micro JSONs: 7
Numbers: 29186, 32596, 33965, 34670, 39818, 46646, 54045

Origin: Ninjago
Entries in micro JSONs: 177
Numbers: 8417, 8638, 9093, 9140, 9332, 9341, 9632, 9853, 9923, 9949, 10098, 10099, 10105, 10144, 10174, 10211, 10296, 10447, 10809, 10892, 11092, 11110, 11164, 11169, 11280, 11381, 11412, 11423, 11490, 11491, 11492, 11500, 11513, 11527, 11573, 11645, 16830, 18368, 22630, 22692, 23100, 23121, 23126, 23129, 23132, 23148, 23149, 23156, 23160, 23190, 23208, 23212, 23237, 23242, 23275, 23277, 23286, 23290, 23297, 23313, 23328, 23333, 23336, 23358, 23375, 23381, 23383, 23384, 23392, 23401, 23404, 23406, 23407, 23413, 23424, 23436, 23439, 23450, 23457, 23461, 23470, 23480, 23486, 23491, 23509, 23562, 23563, 23565, 23573, 23574, 23578, 23581, 23587, 23593, 23602, 23604, 23613, 23633, 23639, 23646, 23647, 23655, 23811, 23910, 23945, 23960, 23967, 24042, 24045, 24088, 24101, 24271, 24412, 24449, 24571, 24583, 24753, 24760, 24808, 24817, 24846, 24932, 24998, 25011, 25014, 25109, 25208, 25234, 25244, 25245, 25280, 25316, 25329, 25338, 25351, 25364, 25417, 25459, 25490, 25544, 25599, 25612, 25648, 25680, 25694, 25711, 25770, 25993, 25999, 26002, 26026, 26027, 26035, 26048, 26063, 26097, 26136, 26155, 26187, 26271, 26297, 26335, 26338, 26384, 26509, 26562, 26707, 26717, 26759, 26770, 26855, 26856, 26911, 27093, 27094, 27190, 27202

Origin: One Piece
Entries in micro JSONs: 568
Numbers: 1065, 2923, 4691, 6616, 28324, 28342, 28439, 28564, 28757, 28758, 28960, 28977, 29020, 29021, 29022, 29023, 29024, 29090, 29167, 29288, 29304, 29310, 29311, 29312, 29316, 29321, 29343, 29365, 29372, 29377, 29391, 29398, 29443, 29447, 29452, 29455, 29460, 29464, 29467, 29472, 29479, 29480, 29482, 29494, 29495, 29522, 29526, 29529, 29545, 29556, 29560, 29562, 29573, 29579, 29588, 29611, 29615, 29621, 29622, 29623, 29625, 29633, 29634, 29639, 29658, 29665, 29681, 29682, 29707, 29710, 29725, 29729, 29748, 29766, 29906, 29927, 29990, 30017, 30019, 30028, 30067, 30075, 30094, 30186, 30352, 30404, 30418, 30466, 30467, 30493, 30523, 30588, 30643, 30722, 30917, 30945, 30951, 30988, 30997, 31011, 31035, 31040, 31087, 31118, 31123, 31127, 31186, 31187, 31213, 31348, 31381, 31387, 31519, 31520, 31588, 31610, 31629, 31726, 31774, 31815, 31918, 31942, 31961, 31962, 31963, 31964, 31968, 31988, 31998, 32029, 32031, 32042, 32046, 32052, 32084, 32103, 32122, 32144, 32222, 32223, 32224, 32225, 32226, 32377, 32479, 32487, 32551, 32578, 32608, 32708, 32773, 33305, 33321, 33329, 33334, 33344, 33356, 33362, 33365, 33382, 33406, 33409, 33415, 33418, 33447, 33452, 33471, 33488, 33489, 33502, 33546, 33551, 33555, 33556, 33557, 33561, 33564, 33569, 33570, 33572, 33577, 33581, 33587, 33598, 33599, 33636, 33644, 33801, 33896, 33988, 34167, 34222, 34238, 34250, 34283, 34284, 34324, 34331, 34393, 34421, 34444, 34498, 34512, 34514, 34519, 34547, 34558, 34559, 34577, 34672, 34673, 34704, 34710, 34715, 34739, 34771, 34815, 34836, 34839, 34843, 34988, 34995, 35022, 35027, 35031, 35106, 35177, 35189, 35190, 35197, 35200, 35208, 35221, 35223, 35224, 35235, 35240, 35241, 35246, 35248, 35264, 35267, 35280, 35291, 35328, 35355, 35368, 35378, 35390, 35431, 35445, 35480, 35516, 35536, 35543, 35591, 35629, 35633, 35647, 35654, 35689, 35704, 35726, 35788, 35815, 35826, 35897, 36007, 36009, 36010, 36011, 36049, 36059, 36079, 36112, 36113, 36127, 36134, 36175, 36201, 36209, 36229, 36236, 36237, 36240, 36258, 36309, 36352, 36370, 36435, 36438, 36439, 36462, 36469, 36470, 36482, 36499, 36514, 36586, 36718, 36931, 37007, 37047, 37050, 37086, 37095, 37097, 37143, 37180, 37182, 37183, 37230, 37243, 37244, 37258, 37264, 37290, 37322, 37337, 37379, 37380, 37381, 37382, 37383, 37385, 37413, 37531, 37622, 37649, 37661, 37682, 37736, 37831, 37863, 37906, 38066, 38184, 38244, 38268, 38398, 38440, 38561, 38575, 38617, 38640, 38693, 38761, 38767, 38769, 38816, 38836, 38914, 38991, 39049, 39055, 39126, 39193, 39209, 39245, 39499, 39821, 39825, 39826, 39827, 39940, 39974, 40004, 40079, 40124, 40167, 40169, 40206, 40220, 40251, 40356, 40446, 40545, 40579, 40580, 40650, 40689, 40690, 40700, 40736, 40767, 40959, 41154, 41209, 41226, 41469, 41492, 41494, 41559, 41584, 41591, 41643, 41663, 41664, 41665, 41666, 41667, 41703, 41764, 41825, 41867, 42001, 42034, 42175, 42397, 42463, 42645, 43021, 44020, 44151, 44159, 44169, 44170, 44171, 44172, 44173, 44174, 44348, 44409, 44663, 44688, 44746, 44815, 44837, 44926, 45007, 45008, 45009, 45010, 45011, 46392, 48048, 48917, 49026, 49045, 49669, 49701, 49710, 49847, 49890, 50104, 50179, 50215, 50252, 50780, 50889, 50948, 51271, 51390, 51753, 51951, 51959, 51997, 52032, 52090, 52519, 52582, 52601, 52959, 53307, 53530, 54058, 54171, 54246, 54359, 54920, 55071, 55103, 55330, 56060, 56192, 56201, 56356, 56465, 56470, 56505, 56643, 56728, 56802, 56820, 56827, 56891, 56970, 56979, 56987, 57060, 57064, 57105, 57141, 57166, 57242, 57252, 57473, 57491, 57531, 58720, 58764, 58780, 59112, 59172, 59283, 59315, 59322, 59352, 59477, 59509, 59539, 59567, 60514, 60550, 60589, 60623, 60676, 60677, 60824, 60841, 60942, 60955, 60975, 61046, 61286, 61288, 61304, 61437, 61464, 61596, 61726, 61755, 61932, 62068, 63269, 63870, 67032, 67168, 67289, 67410, 67630, 67631, 68300, 68378, 68787, 68843, 68941, 69221, 70151, 70153, 70190, 70762, 70875, 71030, 71343, 71811, 71955, 72682, 73258, 73428, 84508, 85144, 85591, 87055, 99111, 100208, 101038, 103744

Origin: One-Punch Man
Entries in micro JSONs: 340
Numbers: 1584, 1603, 1748, 2635, 3181, 3830, 4665, 4697, 5041, 5752, 19358, 19406, 19609, 20160, 20251, 20693, 21495, 21638, 21687, 21993, 23947, 24464, 24664, 25640, 33719, 33816, 33838, 34043, 34251, 34378, 34407, 34438, 34467, 34474, 34537, 34608, 34609, 34655, 34736, 34768, 34908, 35523, 37012, 37031, 37148, 37186, 37188, 37315, 37788, 37845, 37943, 38025, 38085, 38091, 38131, 38166, 38181, 38204, 38215, 38341, 38383, 38516, 38533, 38580, 38729, 38954, 39413, 39414, 39689, 39733, 40073, 40149, 40162, 40247, 40328, 40337, 40344, 40646, 40658, 41042, 41134, 41228, 42158, 42410, 42457, 42468, 42563, 42821, 43027, 43086, 43186, 43364, 44094, 44124, 44131, 44132, 44157, 44250, 44263, 44311, 44314, 44333, 44337, 44343, 44376, 44410, 44432, 44492, 44573, 44574, 44631, 44718, 44735, 44752, 44758, 44759, 44762, 44828, 44908, 46010, 46047, 46120, 46296, 46363, 46390, 46720, 46917, 46925, 47231, 48641, 48863, 48886, 48897, 48912, 48955, 48960, 48999, 49049, 49055, 49069, 49106, 49137, 49139, 49140, 49143, 49174, 49183, 49184, 49188, 49194, 49201, 49208, 49232, 49233, 49280, 49322, 49326, 49348, 49570, 49626, 49633, 49678, 49703, 49736, 49765, 49789, 49790, 49793, 49831, 49856, 49904, 49936, 49954, 49978, 49982, 49989, 49996, 50031, 50088, 50125, 50137, 50157, 50222, 50493, 50553, 50642, 50675, 50693, 50742, 50753, 50964, 50981, 51055, 51147, 51399, 51439, 51464, 51508, 51691, 51815, 51820, 51829, 51838, 51985, 51991, 52010, 52011, 52036, 52074, 52117, 52153, 52288, 52293, 52311, 52451, 52464, 52585, 52609, 52705, 53567, 53819, 53876, 54082, 54187, 54360, 54529, 54538, 54638, 54639, 54676, 54834, 54946, 55164, 55316, 55412, 55491, 55516, 55556, 55598, 55654, 55722, 55969, 56180, 56222, 56223, 56376, 56706, 57635, 57640, 57706, 57710, 57715, 57747, 57751, 57762, 57766, 57767, 57770, 57774, 57781, 57830, 57833, 57859, 58110, 58134, 58188, 58204, 58279, 58317, 58398, 60361, 60970, 61035, 62758, 62877, 62925, 63641, 63902, 65526, 66545, 68908, 69067, 69179, 69534, 69736, 70510, 72516, 73022, 73526, 75451, 76183, 76242, 76409, 76980, 77757, 78907, 79238, 79345, 80008, 81121, 81442, 82470, 82496, 82793, 83181, 84252, 84343, 84685, 84704, 84888, 85049, 85090, 85611, 85698, 85820, 91249, 92992, 93158, 93327, 93572, 93834, 95354, 95413, 95952, 96694, 97577, 98652, 98796, 99421, 99459, 99767, 100027, 100109, 100905, 101078, 101230, 101446, 101794, 102047, 104047

Origin: Persona 3
Entries in micro JSONs: 46
Numbers: 6898, 6906, 7017, 7021, 7135, 7143, 7189, 7220, 7259, 7478, 8322, 8329, 8777, 8790, 9131, 9224, 9265, 9400, 9511, 9615, 10015, 10435, 11107, 11456, 12464, 14078, 14084, 15329, 15463, 15513, 15717, 15804, 15837, 16480, 16670, 17214, 17312, 17315, 17759, 17842, 17865, 17947, 18001, 18254, 18305, 18536

Origin: Persona 5
Entries in micro JSONs: 62
Numbers: 6904, 6981, 7041, 7057, 7070, 7187, 7199, 7229, 7308, 7459, 7482, 8386, 8586, 8871, 8944, 8985, 9398, 9429, 9529, 9814, 10397, 10439, 10796, 10870, 10992, 11047, 11195, 11243, 11363, 11641, 14140, 14938, 15124, 15207, 15330, 15535, 15716, 15862, 16324, 16338, 16446, 16625, 17230, 17343, 17610, 17680, 17712, 17760, 17874, 17946, 18011, 18184, 18189, 18237, 18295, 18543, 34204, 34675, 34825, 36799, 39840, 40628

Origin: Pikmin
Entries in micro JSONs: 24
Numbers: 2642, 2740, 2839, 2943, 3146, 3153, 3218, 3232, 3235, 3426, 3507, 3843, 4094, 4446, 4746, 5649, 5661, 5840, 5880, 5886, 6525, 6779, 23412, 25361

Origin: Popeye the Sailor Man
Entries in micro JSONs: 6
Numbers: 16136, 18117, 64260, 65905, 67543, 71464

Origin: Power Rangers
Entries in micro JSONs: 103
Numbers: 10135, 11498, 11801, 14155, 14340, 14416, 14529, 14537, 14682, 15288, 15332, 15570, 16279, 16917, 16918, 16928, 16936, 17348, 17411, 17437, 17480, 17482, 17529, 17741, 17761, 17887, 18168, 18412, 18413, 18414, 18416, 22801, 22968, 24228, 25576, 26095, 26549, 26907, 27264, 27564, 27570, 27663, 27890, 27966, 27972, 28035, 28529, 29146, 29892, 29975, 30948, 30970, 31301, 31917, 32165, 32477, 32482, 32498, 32772, 32821, 33006, 33132, 33240, 33244, 35265, 36200, 37327, 38753, 39268, 40543, 41476, 42628, 42780, 44975, 47898, 52903, 53418, 56053, 59009, 59906, 60375, 60696, 61709, 67732, 71763, 76139, 76295, 76313, 77437, 78860, 79771, 79790, 79800, 83845, 93060, 93470, 93517, 96613, 97874, 100776, 103347, 103433, 103453

Origin: Purgatony
Entries in micro JSONs: 2
Numbers: 64534, 68141

Origin: RWBY
Entries in micro JSONs: 264
Numbers: 21653, 21654, 24530, 24531, 28426, 28428, 30695, 30697, 35114, 36111, 36748, 40164, 40671, 44736, 44835, 46698, 46706, 48162, 50412, 50616, 50618, 51166, 53467, 54431, 54452, 54500, 54742, 56423, 56468, 58482, 58610, 59185, 59196, 59249, 59553, 59637, 59639, 59993, 60428, 60470, 60552, 60553, 60642, 60692, 60733, 60740, 60742, 60762, 60865, 60870, 60915, 60922, 60984, 60991, 61042, 61056, 61138, 61142, 61326, 61332, 61390, 61396, 61427, 61538, 61540, 61542, 61559, 61584, 61600, 61645, 61668, 61713, 61735, 61751, 61768, 61827, 61873, 61902, 61938, 61976, 62022, 62047, 62081, 62086, 62091, 62126, 62135, 62154, 62155, 62238, 62278, 62286, 62300, 62335, 62352, 62354, 62376, 62428, 62469, 62478, 62529, 62569, 62608, 62666, 62672, 62733, 62759, 62764, 62799, 62853, 62902, 62904, 63018, 63075, 63095, 63183, 63186, 63202, 63289, 63290, 63292, 63294, 63309, 63316, 63353, 63359, 63397, 63460, 63463, 63468, 63472, 63476, 63522, 63533, 63652, 63686, 63822, 63843, 63880, 63885, 63931, 63933, 66838, 66880, 67038, 67157, 67178, 67181, 67234, 67355, 67425, 67428, 67433, 67501, 67510, 67714, 67719, 67890, 67925, 67930, 68001, 68032, 68145, 68339, 68376, 68478, 68490, 68694, 68716, 68840, 68937, 68967, 69006, 69074, 69091, 69209, 69248, 69265, 69465, 69598, 69620, 69623, 69988, 70217, 70279, 70308, 70572, 70598, 70698, 70714, 70774, 71094, 71096, 71099, 71104, 71168, 71185, 71278, 71354, 71368, 71541, 71547, 71628, 71631, 71777, 71804, 71813, 71830, 71839, 71857, 71915, 72008, 72040, 72241, 72428, 72560, 72704, 72737, 72855, 73080, 73202, 73229, 73252, 73317, 73334, 73362, 73461, 73479, 73515, 73614, 73618, 73759, 73778, 73929, 73950, 74053, 74154, 74259, 74949, 75204, 75324, 75440, 80612, 80790, 80917, 81192, 81459, 82574, 83804, 84147, 85597, 87002, 87350, 92017, 92379, 92619, 93128, 93597, 95563, 97808, 98468, 101050, 103649, 104236

Origin: Resident Evil
Entries in micro JSONs: 139
Numbers: 1467, 4361, 48566, 55993, 63993, 64408, 64420, 64708, 65145, 65154, 65189, 65268, 65421, 65869, 65981, 66182, 66183, 66391, 66875, 66967, 67873, 67898, 68557, 68577, 69575, 69595, 69660, 69865, 70274, 71395, 71649, 72141, 72143, 72630, 73823, 74028, 74031, 74205, 74473, 74619, 74956, 75076, 75483, 75589, 75915, 76122, 76186, 76247, 76261, 76297, 76553, 76679, 76865, 77008, 77264, 77386, 77412, 77480, 77883, 77912, 78267, 78396, 78615, 78648, 78774, 79126, 79128, 79444, 79843, 79844, 79846, 79868, 79907, 80011, 80077, 80181, 80182, 80183, 80248, 80356, 80491, 81137, 81212, 81321, 81352, 81397, 81848, 82040, 82306, 82530, 82901, 83191, 83878, 84475, 85323, 85344, 87530, 87768, 91332, 91531, 91621, 91802, 92069, 92472, 93016, 93162, 93338, 93388, 93476, 94271, 94612, 95089, 95486, 96153, 96159, 96461, 96537, 96713, 97934, 98006, 99064, 99481, 100104, 100203, 100527, 100576, 101508, 101510, 102309, 103561, 103562, 103574, 103663, 103775, 104063, 104251, 104559, 104570, 104571

Origin: Rosario + Vampire
Entries in micro JSONs: 40
Numbers: 50338, 50405, 52930, 54040, 56123, 58469, 58479, 58929, 59108, 59494, 60513, 61459, 61656, 61736, 63060, 63063, 63221, 63809, 65380, 66604, 67031, 70157, 70164, 70837, 70851, 71590, 71840, 73172, 77812, 78916, 83757, 84459, 84476, 85612, 97712, 97719, 99039, 99065, 100930, 101080

Origin: SHY
Entries in micro JSONs: 10
Numbers: 49304, 50053, 52522, 55783, 59865, 60327, 61948, 62049, 72734, 73207

Origin: Sailor Moon
Entries in micro JSONs: 8
Numbers: 13685, 16508, 22037, 25810, 32141, 33177, 40906, 43262

Origin: Scooby Doo
Entries in micro JSONs: 14
Numbers: 49225, 49913, 52264, 55210, 79100, 81573, 82207, 85732, 87059, 93792, 94934, 101295, 101456, 103749

Origin: Scott Pilgrim
Entries in micro JSONs: 29
Numbers: 34115, 41454, 62728, 63410, 63527, 66566, 68928, 70041, 70167, 70929, 71076, 71605, 71827, 72028, 73081, 74290, 74562, 74594, 74783, 74818, 74940, 74995, 75051, 84002, 84245, 85737, 98174, 98640, 101303

Origin: Scream
Entries in micro JSONs: 73
Numbers: 78895, 80425, 80834, 81210, 81237, 81433, 81696, 82039, 82285, 82372, 82373, 82374, 82375, 82376, 83190, 84370, 84677, 85238, 85417, 85512, 85635, 85918, 86174, 86329, 87188, 87673, 87868, 88056, 88068, 88160, 88289, 88447, 88569, 88605, 88606, 88607, 88608, 88609, 89018, 89627, 89764, 90037, 90111, 90167, 90247, 90379, 90526, 90594, 91067, 91679, 92454, 93155, 93204, 93558, 94005, 94611, 95052, 95210, 95211, 95212, 95213, 95214, 96712, 98854, 99400, 100375, 100692, 100872, 101126, 101650, 102163, 102422, 103967

Origin: Solo Leveling
Entries in micro JSONs: 8
Numbers: 2281, 6264, 36349, 41128, 55614, 59406, 86200, 102214

Origin: Sonic the Hedgehog (Archie Continuity)
Entries in micro JSONs: 31
Numbers: 7694, 7714, 7747, 8074, 8141, 8288, 8548, 8603, 8700, 9049, 9713, 9932, 10477, 11074, 11416, 12690, 12750, 13083, 13362, 13513, 13750, 13961, 14034, 14331, 14455, 15144, 15809, 16143, 16614, 17106, 17290

Origin: Sonic the Hedgehog (Pre-Genesis Wave)
Entries in micro JSONs: 107
Numbers: 7604, 7664, 7712, 7764, 7778, 7790, 7852, 7945, 7981, 8115, 8117, 8150, 8169, 8181, 8183, 8294, 8459, 8600, 8750, 8786, 8826, 9082, 9259, 9407, 9865, 9867, 9950, 10010, 10052, 10064, 11424, 12568, 12597, 12610, 12660, 12720, 12745, 12754, 12860, 12861, 12879, 12881, 12885, 12904, 12916, 12923, 13018, 13105, 13121, 13132, 13144, 13155, 13227, 13255, 13324, 13354, 13364, 13381, 13425, 13579, 13635, 13663, 13665, 13671, 13788, 13816, 13908, 13929, 14047, 14118, 14153, 14269, 14379, 14447, 14462, 14719, 14720, 14754, 14756, 14765, 14790, 14809, 14823, 14993, 15203, 15242, 15261, 15297, 15325, 15501, 15559, 15731, 15794, 15815, 15854, 15943, 16297, 16382, 16453, 16455, 16465, 16668, 16736, 16974, 17044, 79428, 102265

Origin: Soul Calibur
Entries in micro JSONs: 91
Numbers: 21440, 23711, 28085, 28340, 28833, 29663, 29677, 29763, 29829, 30464, 31685, 32135, 32194, 32761, 34234, 34442, 34720, 34879, 34902, 35057, 36943, 37001, 38390, 38756, 39048, 39166, 39637, 39804, 40015, 40201, 40424, 40557, 40771, 40780, 40898, 41005, 41018, 41200, 41205, 41441, 41690, 41842, 41844, 41918, 41948, 41987, 42138, 42629, 42720, 42754, 42899, 42935, 43043, 43115, 43160, 43223, 43225, 43259, 43291, 43295, 43359, 43426, 43487, 43536, 43537, 43563, 43574, 44074, 44088, 44377, 44440, 44508, 44612, 44660, 44782, 44854, 44923, 44925, 44967, 45018, 45048, 45059, 45160, 45355, 45640, 45782, 45803, 45805, 45957, 55470, 59380

Origin: Spongebob Squarepants (Verse)
Entries in micro JSONs: 54
Numbers: 19201, 19276, 19306, 19314, 19495, 19527, 19579, 19612, 19613, 19620, 19642, 19677, 19686, 19766, 19938, 20024, 20047, 20460, 20524, 20637, 20696, 20699, 20720, 20773, 20847, 20877, 21436, 21535, 21573, 21584, 21816, 21866, 21927, 21994, 21996, 22016, 22045, 22075, 22089, 23701, 24083, 24203, 24246, 25087, 25248, 25484, 25645, 25654, 25725, 25839, 25995, 26050, 79344, 102044

Origin: Steins;Gate
Entries in micro JSONs: 2
Numbers: 2146, 5938

Origin: Street Fighter
Entries in micro JSONs: 142
Numbers: 35094, 35453, 35519, 35538, 35563, 35718, 36107, 36218, 36675, 37944, 38191, 38251, 38340, 38897, 40122, 40147, 40621, 44728, 51472, 53641, 54203, 54974, 56906, 57181, 57249, 57347, 59042, 62222, 62421, 62690, 62732, 62929, 62993, 63129, 63465, 63481, 63542, 63828, 66977, 67682, 68771, 68936, 69747, 69910, 70459, 71817, 71873, 72087, 73251, 75448, 75563, 75795, 75911, 75946, 76106, 76201, 76252, 76339, 76440, 76565, 76575, 76583, 76607, 76619, 76712, 76737, 77049, 77287, 77422, 77530, 77553, 77625, 77652, 77696, 77856, 77921, 77974, 77997, 78030, 78039, 78067, 78093, 78160, 78382, 78703, 78737, 78758, 78942, 78963, 78976, 79507, 79742, 79893, 80151, 81553, 85217, 91269, 91549, 92166, 92464, 92539, 92952, 93202, 93358, 93614, 93757, 93921, 94303, 94333, 94350, 94420, 94443, 94683, 94741, 95609, 96204, 96575, 96923, 96980, 97225, 97330, 97429, 97847, 98036, 98218, 98265, 98367, 98396, 98464, 98536, 98770, 99448, 100342, 100430, 100482, 100996, 101063, 101095, 102507, 103249, 103743, 104470

Origin: Super Smash Bros.
Entries in micro JSONs: 145
Numbers: 2187, 6034, 14410, 14699, 14743, 15076, 15204, 15226, 15250, 15299, 15462, 15485, 15493, 15654, 15741, 15750, 15812, 15817, 15874, 15935, 16106, 16109, 16116, 16129, 16195, 16283, 16622, 17124, 17254, 17436, 17538, 17550, 17657, 17711, 17721, 17732, 17745, 17841, 17855, 17857, 17924, 17959, 17962, 17988, 17990, 18017, 18037, 18105, 18106, 18107, 18113, 18140, 18172, 18294, 18495, 18548, 20786, 21324, 36345, 36346, 37298, 37521, 37735, 37794, 37798, 38134, 38241, 38369, 38630, 38678, 38728, 38826, 39010, 39068, 39087, 39448, 39599, 39608, 39620, 39739, 39757, 39872, 39995, 40253, 40260, 40265, 40282, 40376, 40551, 40686, 40788, 41113, 41114, 41181, 41716, 41768, 41997, 42232, 42292, 42360, 42375, 42376, 42453, 42479, 42517, 42596, 42606, 42620, 42650, 42710, 42727, 42733, 42838, 42889, 42892, 42895, 42920, 42924, 42954, 42993, 43055, 43058, 43060, 43064, 43098, 43158, 43195, 43229, 43337, 43356, 43492, 43513, 43579, 54596, 55588, 60165, 60302, 61436, 61627, 61895, 61896, 70756, 71489, 72538, 72539

Origin: TRON
Entries in micro JSONs: 33
Numbers: 870, 1735, 5014, 6024, 34554, 39025, 60959, 67388, 68857, 73160, 73921, 74264, 75308, 75865, 76287, 76885, 78718, 78986, 79807, 84225, 85679, 89197, 90269, 90945, 92325, 93449, 95150, 97366, 98607, 100380, 101120, 101200, 103466

Origin: Team Fortress 2
Entries in micro JSONs: 52
Numbers: 64331, 64559, 64691, 65020, 65527, 65528, 65605, 65664, 65941, 66129, 66258, 66270, 66326, 67705, 68179, 68514, 69260, 70513, 70514, 70668, 70824, 71537, 72031, 72336, 72356, 72480, 76451, 76651, 76922, 77147, 77238, 78134, 78163, 78286, 78701, 79044, 79248, 79262, 79348, 93959, 94539, 95259, 95869, 96099, 98703, 98780, 99116, 100338, 101308, 101833, 101866, 102052

Origin: Tekken
Entries in micro JSONs: 71
Numbers: 38503, 38832, 38999, 42554, 42653, 42705, 45991, 46003, 46038, 46045, 46100, 46245, 46276, 46386, 46425, 46442, 46444, 46489, 46490, 46532, 46538, 46542, 46557, 46602, 46606, 46679, 46688, 46707, 46711, 46753, 46829, 47010, 47077, 50383, 50460, 50605, 50655, 50955, 51718, 51883, 52441, 52751, 52831, 52839, 53107, 53109, 53398, 53423, 53438, 53491, 53782, 53805, 54266, 54357, 54465, 54486, 54741, 55175, 56284, 56570, 58898, 63056, 70138, 81021, 82180, 83292, 84008, 92810, 94879, 96910, 98190

Origin: The Amazing World of Gumball
Entries in micro JSONs: 79
Numbers: 2550, 2612, 3569, 3761, 14633, 15093, 15944, 16262, 16912, 17511, 17666, 18040, 18161, 18409, 18710, 18883, 20228, 20838, 21669, 22069, 23247, 23453, 23607, 24601, 25580, 25970, 26162, 27519, 27842, 29421, 29607, 30783, 31906, 50893, 52310, 52438, 54250, 54344, 55839, 56023, 56414, 56600, 59666, 59835, 59852, 60117, 60130, 60335, 60370, 60420, 60451, 60496, 60518, 60655, 60694, 60735, 60786, 61022, 61397, 61599, 61696, 61711, 61760, 62020, 66962, 67050, 67550, 67727, 67911, 68117, 69126, 70607, 71353, 71727, 71767, 71970, 73075, 87799, 92175

Origin: The Boondocks
Entries in micro JSONs: 21
Numbers: 76080, 77979, 79589, 81898, 82887, 84409, 85441, 85473, 86158, 86514, 86991, 92888, 94354, 96128, 98227, 98946, 100735, 100797, 102139, 102776, 103621

Origin: The Boss Baby
Entries in micro JSONs: 4
Numbers: 80963, 85149, 92700, 100220

Origin: The King of Fighters
Entries in micro JSONs: 36
Numbers: 14488, 15476, 15546, 16325, 16478, 16715, 17463, 17850, 17880, 18185, 18253, 18318, 37419, 39053, 39170, 39203, 39939, 40629, 40837, 41264, 44181, 44509, 44528, 44532, 44687, 44824, 44867, 44938, 54897, 59279, 77693, 77816, 79508, 97421, 97732, 102508

Origin: The Rainman
Entries in micro JSONs: 4
Numbers: 1019, 6458, 90824, 103066

Origin: The Real World
Entries in micro JSONs: 1795
Numbers: 19, 37, 56, 72, 117, 136, 145, 152, 160, 172, 198, 209, 234, 235, 282, 287, 339, 350, 357, 393, 402, 410, 529, 565, 588, 589, 596, 621, 650, 676, 682, 711, 729, 737, 772, 787, 790, 811, 853, 924, 935, 947, 950, 1047, 1082, 1090, 1092, 1143, 1154, 1178, 1221, 1253, 1269, 1285, 1287, 1309, 1316, 1331, 1334, 1342, 1394, 1398, 1400, 1429, 1448, 1454, 1478, 1521, 1522, 1534, 1546, 1555, 1561, 1586, 1604, 1605, 1614, 1616, 1799, 1854, 1856, 1883, 1922, 1950, 1977, 2001, 2008, 2015, 2045, 2051, 2054, 2061, 2104, 2106, 2111, 2275, 2438, 2466, 2480, 2486, 2547, 2548, 2557, 2565, 2566, 2567, 2570, 2573, 2574, 2577, 2580, 2584, 2587, 2589, 2592, 2593, 2596, 2599, 2607, 2609, 2610, 2613, 2614, 2619, 2622, 2624, 2625, 2628, 2634, 2636, 2639, 2641, 2643, 2647, 2650, 2651, 2652, 2657, 2659, 2667, 2668, 2675, 2676, 2677, 2678, 2681, 2683, 2685, 2686, 2693, 2694, 2695, 2701, 2702, 2703, 2715, 2718, 2719, 2721, 2722, 2723, 2724, 2725, 2730, 2733, 2737, 2738, 2739, 2743, 2753, 2754, 2757, 2759, 2763, 2764, 2767, 2771, 2773, 2774, 2782, 2783, 2787, 2789, 2790, 2798, 2804, 2805, 2806, 2807, 2808, 2810, 2813, 2819, 2820, 2824, 2826, 2837, 2842, 2851, 2854, 2855, 2857, 2858, 2859, 2864, 2867, 2868, 2869, 2880, 2881, 2882, 2883, 2884, 2891, 2892, 2902, 2904, 2911, 2917, 2919, 2924, 2926, 2929, 2932, 2933, 2936, 2937, 2939, 2940, 2941, 2945, 2946, 2947, 2951, 2959, 2969, 2970, 2979, 2981, 2983, 2987, 2991, 2992, 2994, 3002, 3003, 3005, 3009, 3018, 3021, 3028, 3030, 3038, 3039, 3042, 3043, 3053, 3055, 3056, 3057, 3058, 3059, 3065, 3069, 3070, 3073, 3081, 3082, 3094, 3096, 3108, 3110, 3113, 3116, 3128, 3136, 3145, 3147, 3148, 3149, 3154, 3155, 3157, 3160, 3161, 3163, 3175, 3177, 3178, 3183, 3184, 3187, 3188, 3191, 3198, 3201, 3203, 3209, 3211, 3212, 3221, 3222, 3224, 3228, 3233, 3234, 3236, 3237, 3238, 3244, 3251, 3268, 3271, 3275, 3277, 3281, 3282, 3286, 3295, 3298, 3309, 3323, 3324, 3325, 3328, 3331, 3347, 3355, 3357, 3358, 3363, 3365, 3414, 3417, 3418, 3419, 3425, 3436, 3439, 3440, 3442, 3455, 3457, 3458, 3460, 3461, 3466, 3476, 3478, 3489, 3503, 3504, 3509, 3526, 3547, 3548, 3556, 3568, 3595, 3616, 3617, 3618, 3619, 3624, 3644, 3655, 3663, 3673, 3676, 3680, 3688, 3694, 3704, 3712, 3713, 3724, 3725, 3731, 3749, 3754, 3755, 3762, 3763, 3781, 3786, 3789, 3790, 3808, 3811, 3828, 3831, 3838, 3842, 3844, 3854, 3860, 3861, 3863, 3879, 3883, 3896, 3897, 3898, 3905, 3922, 3923, 3924, 3925, 3932, 3935, 3937, 3938, 3946, 3948, 3950, 3964, 3976, 3977, 3979, 3995, 4004, 4006, 4008, 4009, 4043, 4045, 4048, 4049, 4054, 4059, 4060, 4061, 4062, 4063, 4072, 4081, 4090, 4091, 4092, 4097, 4149, 4150, 4167, 4174, 4181, 4183, 4184, 4185, 4192, 4193, 4202, 4203, 4208, 4209, 4240, 4243, 4252, 4259, 4260, 4286, 4316, 4324, 4326, 4337, 4343, 4346, 4348, 4349, 4350, 4352, 4362, 4378, 4385, 4396, 4401, 4439, 4463, 4484, 4487, 4494, 4495, 4496, 4498, 4500, 4501, 4517, 4521, 4522, 4524, 4549, 4550, 4551, 4552, 4554, 4555, 4567, 4568, 4579, 4592, 4594, 4602, 4616, 4652, 4667, 4668, 4698, 4699, 4700, 4702, 4708, 4715, 4716, 4725, 4727, 4728, 4731, 4732, 4733, 4736, 4737, 4749, 4752, 4765, 4776, 4847, 4922, 4926, 4980, 5025, 5032, 5044, 5055, 5067, 5069, 5078, 5116, 5134, 5135, 5151, 5167, 5181, 5182, 5207, 5213, 5217, 5250, 5252, 5280, 5290, 5298, 5299, 5303, 5304, 5365, 5368, 5375, 5376, 5378, 5379, 5380, 5404, 5410, 5420, 5423, 5437, 5453, 5480, 5481, 5511, 5516, 5543, 5546, 5553, 5558, 5580, 5599, 5620, 5644, 5647, 5651, 5652, 5653, 5662, 5667, 5672, 5675, 5678, 5687, 5691, 5693, 5711, 5731, 5735, 5741, 5756, 5757, 5759, 5765, 5769, 5772, 5792, 5795, 5799, 5817, 5821, 5822, 5825, 5827, 5828, 5847, 5848, 5855, 5866, 5881, 5884, 5885, 5888, 5890, 5891, 5908, 5934, 5982, 6043, 6066, 6073, 6077, 6091, 6094, 6113, 6154, 6157, 6189, 6191, 6218, 6220, 6223, 6227, 6236, 6244, 6248, 6257, 6282, 6312, 6315, 6316, 6332, 6337, 6494, 6505, 6509, 6511, 6524, 6559, 6560, 6574, 6576, 6578, 6625, 6637, 6638, 6639, 6641, 6642, 6663, 6685, 6692, 6695, 6704, 6706, 6713, 6717, 6742, 6757, 6758, 6765, 6782, 22274, 22492, 22741, 22894, 23932, 24574, 25372, 25893, 26989, 27916, 32067, 32281, 32444, 33166, 33214, 33629, 34170, 34289, 35679, 36023, 36414, 36429, 36587, 37404, 38739, 39215, 39866, 41392, 41449, 44533, 46518, 47215, 47311, 47728, 48021, 48057, 48536, 48608, 48609, 48788, 48902, 49015, 49027, 49142, 49148, 49341, 49563, 49814, 49953, 50107, 50228, 50229, 50663, 50665, 50666, 50704, 51067, 51201, 51281, 51832, 51833, 51834, 51835, 51860, 52354, 52590, 52677, 52731, 53282, 53529, 53918, 53976, 54090, 54091, 54358, 54750, 55407, 55884, 56069, 56100, 56103, 56132, 56133, 56725, 57234, 57596, 57598, 57748, 57749, 57857, 57865, 58133, 58367, 58372, 58523, 58524, 58532, 58737, 58738, 59171, 59487, 59488, 59495, 59647, 59696, 59838, 59884, 60073, 60584, 60585, 60586, 60600, 60891, 60892, 60893, 61096, 61120, 62108, 62525, 62643, 63223, 63798, 63865, 63980, 64146, 64147, 64148, 64149, 64159, 64252, 64280, 64431, 64488, 64723, 64724, 64725, 64726, 64727, 64728, 65121, 65628, 65644, 65797, 65828, 66124, 66547, 66609, 66847, 67279, 67280, 67281, 67282, 67311, 67527, 67589, 67918, 68039, 68125, 68588, 68589, 68590, 68591, 68592, 68593, 68617, 69407, 69503, 70723, 70764, 70841, 71223, 71299, 72018, 73026, 73120, 73183, 73411, 74035, 74082, 75294, 75365, 75450, 75454, 75455, 75457, 75473, 75514, 75771, 75772, 75773, 75796, 76020, 76156, 76276, 76360, 76708, 76709, 76710, 76711, 76869, 77344, 77999, 78003, 78130, 78144, 78168, 78196, 78198, 78829, 78912, 79240, 79336, 79788, 79834, 79877, 80198, 80203, 80206, 80207, 80210, 80233, 80236, 80247, 80273, 80292, 80358, 80410, 80430, 80431, 80441, 80485, 80509, 80537, 80558, 80603, 80605, 80611, 80623, 80663, 80664, 80702, 80710, 80716, 80717, 80776, 80906, 80907, 80934, 80971, 80975, 81014, 81020, 81046, 81096, 81099, 81131, 81146, 81174, 81178, 81184, 81246, 81373, 81463, 81490, 81500, 81515, 81521, 81594, 81651, 81652, 81717, 81720, 81754, 81802, 81874, 81911, 81936, 81946, 81948, 81949, 82068, 82069, 82070, 82071, 82072, 82073, 82074, 82097, 82170, 82175, 82320, 82321, 82360, 82410, 82430, 82508, 82543, 82581, 82723, 82747, 82759, 82819, 82867, 82940, 82971, 82978, 82991, 83092, 83283, 83693, 83731, 83846, 83856, 83870, 83888, 83918, 83944, 83947, 83952, 83962, 83966, 84053, 84054, 84057, 84061, 84062, 84063, 84101, 84228, 84275, 84277, 84292, 84293, 84295, 84302, 84304, 84344, 84393, 84464, 84465, 84468, 84525, 84538, 84617, 84780, 84862, 84906, 84917, 84925, 84953, 84955, 84964, 84969, 84975, 84976, 84979, 85050, 85062, 85111, 85121, 85124, 85131, 85181, 85208, 85233, 85311, 85337, 85396, 85458, 85488, 85536, 85628, 85629, 85653, 85674, 85706, 85707, 85833, 85991, 85994, 85995, 86047, 86065, 86096, 86100, 86140, 86156, 86177, 86241, 86328, 86334, 86399, 86785, 86788, 86801, 86802, 86861, 86876, 86883, 86911, 86936, 86945, 87014, 87135, 87180, 87211, 87215, 87225, 87233, 87300, 87301, 87335, 87352, 87371, 87450, 87491, 87555, 87563, 87573, 87588, 87589, 87602, 87605, 87606, 87607, 87608, 87609, 87622, 87624, 87674, 87679, 87680, 87681, 87685, 87686, 87688, 87711, 87723, 87728, 87733, 87754, 87756, 87763, 87793, 87814, 87823, 87842, 87846, 87847, 87887, 87890, 87924, 87930, 87932, 87937, 87944, 87963, 87964, 87965, 87983, 87984, 87988, 87999, 88003, 88022, 88023, 88024, 88042, 88047, 88051, 88057, 88076, 88083, 88114, 88117, 88120, 88132, 88133, 88134, 88135, 88136, 88138, 88139, 88162, 88167, 88183, 88186, 88195, 88204, 88284, 88298, 88302, 88304, 88305, 88306, 88313, 88322, 88326, 88327, 88361, 88368, 88379, 88401, 88429, 88431, 88434, 88440, 88441, 88450, 88469, 88479, 88489, 88495, 88502, 88508, 88509, 88510, 88511, 88512, 88513, 88514, 88577, 88580, 88594, 88596, 88617, 88619, 88622, 88623, 88624, 88634, 88643, 88646, 88648, 88651, 88656, 88659, 88679, 88681, 88688, 88699, 88707, 88730, 88786, 88787, 88788, 88789, 88790, 88791, 88792, 88793, 88810, 88837, 88839, 88845, 88856, 88861, 88865, 88866, 88867, 88879, 88894, 88903, 88960, 88963, 89010, 89154, 89167, 89193, 89207, 89239, 89244, 89247, 89261, 89262, 89317, 89342, 89360, 89371, 89396, 89439, 89441, 89445, 89446, 89448, 89449, 89451, 89453, 89454, 89457, 89458, 89464, 89465, 89481, 89482, 89488, 89502, 89503, 89572, 89605, 89645, 89664, 89674, 89680, 89694, 89701, 89702, 89731, 89775, 89784, 89803, 89826, 89852, 89863, 89864, 89866, 89872, 89885, 89886, 89890, 89895, 89903, 89906, 89912, 89922, 89941, 89953, 89962, 89972, 89973, 89974, 89982, 89986, 89994, 90014, 90019, 90024, 90026, 90041, 90075, 90078, 90090, 90091, 90134, 90228, 90234, 90239, 90283, 90292, 90300, 90319, 90345, 90381, 90382, 90423, 90430, 90434, 90435, 90436, 90437, 90445, 90468, 90483, 90491, 90494, 90519, 90520, 90542, 90592, 90617, 90875, 90884, 90886, 90898, 90940, 90959, 90960, 90971, 90993, 90998, 91021, 91056, 91059, 91065, 91074, 91076, 91084, 91086, 91107, 91117, 91213, 91244, 91248, 91254, 91258, 91259, 91262, 91266, 91275, 91309, 91313, 91331, 91373, 91374, 91412, 91436, 91455, 91456, 91457, 91458, 91459, 91509, 91516, 91535, 91630, 91680, 91689, 91690, 91691, 91692, 91706, 91708, 91713, 91792, 91817, 91841, 91867, 91894, 91912, 91927, 91930, 92006, 92008, 92015, 92016, 92038, 92045, 92107, 92109, 92110, 92111, 92157, 92170, 92202, 92217, 92230, 92236, 92237, 92289, 92352, 92366, 92382, 92383, 92524, 92540, 92602, 92604, 92644, 92680, 92705, 92712, 92718, 92726, 92742, 92791, 92803, 92804, 92805, 92806, 92859, 92861, 92862, 92882, 92939, 92947, 93002, 93005, 93008, 93009, 93034, 93070, 93090, 93101, 93108, 93161, 93220, 93243, 93282, 93423, 93444, 93452, 93462, 93484, 93486, 93487, 93488, 93489, 93491, 93492, 93560, 93570, 93605, 93631, 93637, 93666, 93683, 93695, 93707, 93717, 93828, 93933, 93935, 93984, 94031, 94035, 94041, 94044, 94051, 94057, 94087, 94109, 94121, 94137, 94138, 94195, 94270, 94311, 94357, 94379, 94425, 94445, 94447, 94448, 94525, 94541, 94553, 94589, 94590, 94623, 94676, 94677, 94678, 94679, 94680, 94681, 94682, 94684, 94719, 94738, 94779, 94811, 94835, 94859, 94860, 94861, 94862, 94863, 94864, 94865, 94873, 95106, 95110, 95111, 95179, 95185, 95229, 95260, 95262, 95274, 95277, 95292, 95294, 95331, 95362, 95375, 95378, 95400, 95415, 95420, 95442, 95492, 95498, 95509, 95529, 95576, 95598, 95661, 95828, 95872, 95873, 95874, 95875, 95876, 95877, 95878, 95879, 95899, 95954, 96006, 96063, 96068, 96096, 96147, 96169, 96175, 96177, 96189, 96226, 96241, 96272, 96290, 96305, 96336, 96514, 96521, 96676, 96899, 97204, 97248, 97325, 97399, 97538, 97559, 97579, 97595, 97661, 97667, 97869, 97876, 97900, 97919, 97953, 97955, 98014, 98056, 98059, 98069, 98090, 98097, 98128, 98254, 98259, 98268, 98269, 98272, 98273, 98276, 98280, 98281, 98286, 98287, 98288, 98290, 98299, 98304, 98358, 98361, 98372, 98383, 98445, 98447, 98614, 98646, 98691, 98694, 98717, 98718, 98722, 98730, 98732, 98797, 98902, 98906, 98998, 99047, 99048, 99051, 99104, 99142, 99169, 99172, 99174, 99300, 99425, 99447, 99515, 99583, 99656, 99705, 99706, 99720, 99723, 99749, 99798, 99814, 99815, 99827, 99837, 99871, 99874, 99875, 99888, 99895, 99904, 99905, 99910, 99945, 100018, 100028, 100054, 100106, 100136, 100137, 100150, 100162, 100168, 100184, 100213, 100276, 100286, 100297, 100304, 100308, 100329, 100369, 100395, 100513, 100548, 100553, 100556, 100605, 100606, 100662, 100764, 100821, 100921, 101070, 101090, 101108, 101110, 101159, 101195, 101246, 101247, 101259, 101294, 101322, 101409, 101481, 101513, 101661, 101662, 101777, 101792, 101801, 101806, 101808, 101809, 101810, 101811, 101812, 101845, 101921, 101940, 101963, 102020, 102028, 102045, 102105, 102132, 102133, 102136, 102166, 102210, 102281, 102420, 102427, 102531, 102539, 103227, 103256, 103266, 103272, 103297, 103299, 103324, 103403, 103426, 103431, 103442, 103496, 103538, 103539, 103540, 103556, 103595, 103668, 103678, 103684, 103759, 103890, 103907, 103917, 103957, 104006, 104011, 104015, 104029, 104043, 104049, 104090, 104124, 104150, 104152, 104213, 104238, 104266, 104412, 104490

Origin: The Simpsons
Entries in micro JSONs: 97
Numbers: 370, 3097, 3273, 4611, 5519, 6071, 47669, 52524, 63986, 64085, 64180, 64740, 64952, 65067, 65167, 65452, 65496, 65517, 65550, 65672, 65700, 65739, 65921, 66103, 66254, 66257, 66265, 66266, 66597, 66858, 67087, 67130, 67354, 68613, 69102, 69359, 69618, 70349, 70432, 70491, 70568, 70846, 70928, 71074, 71498, 71961, 72329, 72333, 72345, 72346, 73161, 73858, 75467, 75674, 75817, 76732, 77044, 77219, 77444, 77928, 77978, 78020, 78080, 78264, 78317, 78385, 78668, 79003, 79246, 79247, 79253, 79254, 79809, 80475, 87701, 91286, 91772, 91851, 92225, 94723, 95584, 96061, 96627, 98065, 98225, 98343, 98502, 99059, 99204, 99455, 100249, 101176, 101822, 101831, 101849, 101850, 103469

Origin: Touhou Project
Entries in micro JSONs: 436
Numbers: 1817, 1893, 2132, 2812, 2816, 2848, 4357, 4367, 4480, 5164, 5316, 5904, 12588, 12595, 12638, 12722, 12743, 12763, 12776, 12853, 12868, 12896, 12897, 12898, 12907, 12911, 12912, 12928, 12958, 12985, 13015, 13017, 13037, 13074, 13075, 13076, 13085, 13101, 13107, 13131, 13152, 13157, 13160, 13207, 13208, 13209, 13212, 13213, 13216, 13231, 13233, 13234, 13235, 13236, 13237, 13248, 13249, 13287, 13292, 13299, 13314, 13323, 13331, 13352, 13367, 13369, 13370, 13374, 13383, 13391, 13441, 13450, 13452, 13461, 13483, 13493, 13537, 13547, 13549, 13551, 13564, 13565, 13567, 13582, 13601, 13634, 13636, 13640, 13641, 13651, 13673, 13674, 13677, 13680, 13691, 13757, 13758, 13759, 13779, 13781, 13805, 13806, 13886, 13920, 13958, 13959, 13992, 13996, 13998, 13999, 14003, 14004, 14006, 14007, 14011, 14012, 14013, 14014, 14016, 14099, 14116, 14218, 14230, 14290, 14383, 14445, 14487, 14520, 14706, 14729, 14776, 14777, 14778, 14779, 14794, 14798, 14799, 14835, 14887, 14933, 14988, 14992, 15046, 15127, 15128, 15129, 15146, 15170, 15187, 15206, 15259, 15314, 15328, 15339, 15441, 15442, 15455, 15460, 15461, 15472, 15505, 15507, 15509, 15510, 15511, 15517, 15518, 15541, 15545, 15632, 15640, 15664, 15704, 15728, 15742, 15789, 15819, 15826, 15827, 15828, 15839, 15856, 15876, 15980, 15998, 16006, 16022, 16069, 16095, 16204, 16213, 16238, 16240, 16244, 16269, 16270, 16277, 16300, 16342, 16380, 16384, 16389, 16391, 16416, 16481, 16482, 16487, 16492, 16497, 16515, 16626, 16627, 16628, 16653, 16655, 16704, 16705, 16924, 17027, 17102, 17103, 17178, 17179, 17189, 17195, 17196, 17215, 17216, 17221, 17222, 17231, 17232, 17233, 17235, 17238, 17329, 17378, 17395, 17449, 17545, 17560, 17561, 17562, 17563, 17581, 17681, 17687, 17697, 17704, 17734, 17752, 17829, 17840, 17861, 17862, 17863, 17879, 17913, 17995, 18003, 18072, 18144, 18166, 18191, 18256, 18258, 18300, 18315, 18519, 18520, 37089, 37898, 38205, 38228, 38234, 38585, 39307, 39466, 39820, 40192, 40399, 40476, 40480, 40525, 40529, 40712, 40752, 40755, 41864, 41883, 42174, 42393, 42469, 42477, 42478, 42579, 42790, 42849, 42942, 43041, 43108, 43129, 43133, 43151, 43152, 43204, 43217, 43218, 43542, 43547, 47336, 47498, 47581, 47662, 47699, 47857, 47906, 47964, 48034, 48106, 48168, 48270, 48336, 48337, 48377, 48419, 48723, 48737, 48739, 51172, 51788, 52144, 52498, 52643, 53240, 53461, 53683, 53966, 54278, 54477, 54860, 55101, 55104, 55269, 55425, 56508, 56569, 56574, 62305, 62449, 62470, 62512, 62593, 62630, 62716, 62934, 63024, 63031, 63066, 63082, 63092, 63099, 63120, 63121, 63122, 63128, 63172, 63188, 63209, 63210, 63254, 63276, 63283, 63288, 63348, 63361, 63427, 63442, 63443, 63474, 63537, 63538, 63569, 63637, 63653, 63695, 63788, 63867, 63914, 65045, 65353, 67244, 67822, 67894, 68068, 68427, 68572, 68868, 69300, 69774, 70010, 70044, 70084, 70177, 70243, 70292, 70330, 70433, 70434, 70435, 70453, 70671, 70719, 70789, 70791, 71003, 71051, 71068, 71090, 71330, 71381, 71679, 71748, 71749, 71849, 72053, 72057, 72195, 72491, 72563, 72746, 73090, 73413, 73565, 76719, 94697

Origin: Toy Story
Entries in micro JSONs: 41
Numbers: 150, 2630, 2644, 2669, 2673, 2785, 2786, 2832, 2885, 2961, 3024, 3103, 3230, 3242, 3304, 3498, 3815, 3846, 3899, 3911, 4249, 4250, 4421, 4556, 4850, 5227, 5528, 5877, 5905, 6179, 6747, 62412, 63978, 67651, 73777, 81072, 87297, 87994, 91123, 92902, 104146

Origin: Transformers
Entries in micro JSONs: 359
Numbers: 668, 1946, 3239, 5431, 5892, 7284, 7341, 7393, 7433, 7441, 7545, 7555, 7569, 8353, 9450, 9451, 9640, 9641, 9716, 9756, 9834, 9961, 10142, 10299, 10323, 11216, 11283, 11373, 12810, 13460, 13574, 13808, 14591, 16020, 16291, 16494, 16708, 17014, 18259, 18462, 19106, 20567, 22939, 22991, 25843, 26008, 26161, 26972, 27016, 27458, 27805, 27983, 27993, 28120, 28172, 28257, 28308, 28399, 28452, 28721, 28731, 28742, 28760, 28819, 28835, 28837, 28839, 28846, 28995, 29003, 29066, 29137, 29151, 29908, 29938, 30045, 30274, 30358, 30359, 30598, 30622, 30770, 30771, 31431, 31432, 31461, 31488, 31525, 31632, 31661, 31694, 31702, 31704, 31705, 31720, 31789, 32127, 32152, 32313, 32459, 32503, 32539, 32540, 32576, 32825, 32897, 32972, 33066, 33093, 33102, 33256, 35373, 35949, 36099, 36100, 36252, 36323, 36856, 37671, 39673, 39780, 40058, 40133, 40134, 40334, 40563, 40734, 40939, 41021, 41022, 42107, 42931, 43005, 43085, 43161, 43271, 43296, 46098, 46103, 46177, 46415, 46632, 46728, 46898, 46995, 47256, 47257, 47264, 47284, 47286, 47611, 47719, 47942, 48000, 48001, 48135, 48145, 48146, 48210, 48235, 48328, 48389, 48448, 48449, 48540, 48709, 48935, 48957, 48990, 49065, 49631, 49656, 49743, 49744, 49745, 49805, 49808, 49897, 50156, 50316, 50664, 50724, 50725, 50845, 50850, 50851, 50873, 50874, 50910, 50938, 50940, 50968, 50969, 50972, 50973, 50974, 50975, 50996, 51117, 51262, 51275, 51277, 51369, 51462, 51493, 51494, 51716, 51754, 52088, 52280, 52281, 52286, 52401, 52553, 52696, 52698, 52699, 52791, 52817, 53548, 53602, 53849, 53851, 53852, 53853, 53854, 53954, 53984, 54021, 54371, 54393, 54394, 54395, 54397, 54398, 54399, 54400, 54586, 54628, 54711, 54730, 54731, 54735, 54826, 55081, 55134, 55136, 55166, 55167, 55308, 55309, 55342, 55472, 55473, 55526, 55538, 55539, 55540, 55557, 55852, 55895, 56163, 56375, 56457, 57558, 57597, 57606, 57631, 57638, 57682, 57685, 57686, 57713, 57735, 57738, 57824, 57869, 57883, 57888, 58059, 58080, 58138, 58175, 58228, 58236, 58260, 58272, 58534, 58554, 58566, 58578, 58579, 58584, 58661, 58779, 58820, 58822, 58857, 58888, 59023, 59074, 59177, 59266, 59330, 59349, 59381, 59392, 59395, 59446, 61418, 61882, 62235, 62333, 62334, 62372, 62393, 62409, 62410, 62582, 62871, 62905, 63178, 63331, 63411, 63419, 63619, 63638, 67019, 67349, 67350, 67491, 67599, 67640, 67641, 68377, 69522, 69625, 70687, 71256, 71606, 71626, 72399, 72499, 80662, 81081, 81964, 84306, 84903, 85301, 89644, 90082, 92108, 92919, 94473, 98735, 98901, 99794, 100495, 100569

Origin: Trigun
Entries in micro JSONs: 16
Numbers: 9258, 10321, 11131, 11584, 28614, 29177, 31163, 32573, 34590, 39275, 42784, 47926, 48093, 49709, 53538, 54243

Origin: Ultraman
Entries in micro JSONs: 44
Numbers: 7817, 8213, 8287, 8939, 10259, 10459, 10475, 11026, 11547, 11649, 11655, 11881, 12235, 12314, 12321, 15048, 16980, 17266, 17284, 17650, 18433, 18553, 18561, 19378, 20202, 20930, 21063, 21071, 21189, 21371, 21417, 21418, 22177, 22480, 22978, 23057, 23064, 24549, 26139, 26354, 26373, 26645, 27049, 27106

Origin: VShojo Mythos
Entries in micro JSONs: 22
Numbers: 3061, 5391, 13445, 13819, 15991, 16745, 28350, 28822, 28946, 30495, 31668, 32010, 37896, 40074, 40710, 44275, 44719, 44840, 48008, 48208, 53874, 54621

Origin: Wallace & Gromit
Entries in micro JSONs: 4
Numbers: 79912, 79949, 103794, 103900

